0.000570 0
0.004457 0
0.010921 0
0.011451 0
0.012477 0
0.013750 0
0.015979 0
0.018464 0
0.020738 0
0.023169 0
0.025353 0
0.027528 0
0.032416 1
0.034582 0
0.037121 0
0.039615 0
0.041790 0
0.044257 0
0.046513 0
0.048935 0
0.051119 0
0.055890 1
0.058146 0
0.060537 0
0.062703 0
0.064887 0
0.067359 0
0.069840 0
0.072123 0
0.074505 0
0.076806 0
0.079278 0
0.081543 0
0.083988 0
0.086172 0
0.088608 0
0.090837 0
0.093228 0
0.095394 0
0.099858 1
0.102584 1
0.103118 0
0.103519 0
0.103947 0
0.104878 0
0.105589 0
0.106008 0
0.106975 0
0.107385 0
0.108078 0
0.108462 0
0.109101 0
0.109538 0
0.110276 0
0.110650 0
0.111316 0
0.111789 0
0.112473 0
0.112856 0
0.113527 0
0.113946 0
0.114581 0
0.114973 0
0.116201 1
0.116602 0
0.117264 0
0.117701 0
0.118282 0
0.118737 0
0.119327 0
0.119836 0
0.120534 0
0.120917 0
0.121615 0
0.122080 0
0.122787 0
0.123296 0
0.123904 0
0.124287 0
0.124985 0
0.125422 0
0.126614 1
0.127051 0
0.127686 0
0.128078 0
0.128702 0
0.129130 0
0.129736 0
0.130146 0
0.130815 0
0.131315 0
0.131930 0
0.132322 0
0.132973 0
0.133455 0
0.134016 0
0.134435 0
0.135306 1
0.135690 0
0.136082 0
0.136920 0
0.138065 1
0.138502 0
0.139117 0
0.139572 0
0.140142 0
0.140588 0
0.141194 0
0.141694 0
0.142318 0
0.142800 0
0.143377 0
0.143886 0
0.144436 0
0.144873 0
0.145459 0
0.145896 0
0.146437 0
0.146892 0
0.147284 0
0.147870 0
0.148520 0
0.149002 0
0.149561 0
0.149980 0
0.150381 0
0.150755 0
0.151314 0
0.151963 0
0.152612 0
0.153085 0
0.153650 0
0.154132 0
0.154706 0
0.155116 0
0.155690 0
0.156199 0
0.156836 0
0.157318 0
0.158189 1
0.158781 0
0.159346 0
0.159720 0
0.160366 0
0.160875 0
0.161422 0
0.161815 0
0.162198 0
0.162722 0
0.163159 0
0.163760 0
0.164361 0
0.164825 0
0.165408 0
0.165917 0
0.166527 0
0.167009 0
0.167637 0
0.168119 0
0.168667 0
0.169158 0
0.169796 0
0.170170 0
0.170709 0
0.171155 0
0.171748 0
0.172203 0
0.172850 0
0.173233 0
0.173853 0
0.174254 0
0.174785 0
0.175258 0
0.175797 0
0.176288 0
0.177087 1
0.177671 0
0.178192 0
0.178692 0
0.179312 0
0.179731 0
0.180333 0
0.180842 0
0.181399 0
0.181881 0
0.182474 0
0.182956 0
0.183568 0
0.184014 0
0.184554 0
0.185018 0
0.185540 0
0.185941 0
0.186508 0
0.186954 0
0.187494 0
0.187995 0
0.188589 0
0.189026 0
0.189620 0
0.190075 0
0.190705 0
0.191205 0
0.191736 0
0.192200 0
0.192821 0
0.193285 0
0.193825 0
0.194298 0
0.195151 1
0.195543 0
0.195971 0
0.196677 0
0.197307 0
0.197690 0
0.198230 0
0.198694 0
0.199764 1
0.200183 0
0.200697 0
0.201206 0
0.201728 0
0.202129 0
0.202584 0
0.203205 0
0.203844 0
0.204290 0
0.204911 0
0.205436 0
0.206021 0
0.206440 0
0.207025 0
0.207498 0
0.208083 0
0.208457 0
0.208988 0
0.209407 0
0.210046 0
0.210519 0
0.211131 0
0.211505 0
0.212090 0
0.212572 0
0.213157 0
0.213667 0
0.214234 0
0.214725 0
0.215355 0
0.215783 0
0.216305 0
0.216733 0
0.217300 0
0.217764 0
0.218403 0
0.218849 0
0.219416 0
0.219790 0
0.220411 0
0.220803 0
0.221900 1
0.222337 0
0.222922 0
0.223314 0
0.223917 0
0.224363 0
0.224885 0
0.225349 0
0.225880 0
0.226381 0
0.227011 0
0.227439 0
0.228042 0
0.228497 0
0.229037 0
0.229420 0
0.229830 0
0.230406 0
0.230928 0
0.231410 0
0.231950 0
0.232396 0
0.232981 0
0.233463 0
0.234021 0
0.234503 0
0.235124 0
0.235525 0
0.236146 0
0.236655 0
0.237177 0
0.237641 0
0.238262 0
0.238654 0
0.239222 0
0.239632 0
0.240244 0
0.240735 0
0.241320 0
0.241766 0
0.242872 1
0.243318 0
0.243903 0
0.244349 0
0.244934 0
0.245335 0
0.245947 0
0.246375 0
0.246942 0
0.247433 0
0.247982 0
0.248437 0
0.249058 0
0.249513 0
0.250089 0
0.250544 0
0.251183 0
0.251602 0
0.252170 0
0.252643 0
0.253156 0
0.253656 0
0.254259 0
0.254759 0
0.255703 1
0.256212 0
0.256824 0
0.257216 0
0.257855 0
0.258256 0
0.258787 0
0.259287 0
0.259881 0
0.260327 0
0.260903 0
0.261331 0
0.261871 0
0.262254 0
0.262893 0
0.263321 0
0.264391 1
0.264856 0
0.265387 0
0.265842 0
0.266400 0
0.266792 0
0.267350 0
0.267841 0
0.268462 0
0.268926 0
0.269484 0
0.269867 0
0.270488 0
0.270943 0
0.271501 0
0.271947 0
0.272460 0
0.272879 0
0.273271 0
0.273838 0
0.274257 0
0.274887 0
0.275508 0
0.275954 0
0.276575 0
0.277084 0
0.277643 0
0.278044 0
0.278674 0
0.279102 0
0.279615 0
0.280025 0
0.280664 0
0.281173 0
0.281713 0
0.282114 0
0.282735 0
0.283172 0
0.283712 0
0.284176 0
0.284770 0
0.285153 0
0.285970 1
0.286591 0
0.287221 0
0.287703 0
0.288315 0
0.288824 0
0.289445 0
0.289837 0
0.290386 0
0.290806 0
0.291382 0
0.291864 0
0.292449 0
0.292841 0
0.293417 0
0.293899 0
0.294421 0
0.294867 0
0.295497 0
0.295925 0
0.296519 0
0.297010 0
0.297550 0
0.298005 0
0.298545 0
0.298964 0
0.299540 0
0.299923 0
0.300508 0
0.300990 0
0.301602 0
0.302111 0
0.302651 0
0.303097 0
0.303710 0
0.304084 0
0.304642 0
0.305142 0
0.305655 0
0.306155 0
0.306767 0
0.307231 0
0.307922 0
0.308314 0
0.308827 0
0.309309 0
0.309894 0
0.310358 0
0.310871 0
0.311254 0
0.311848 0
0.312348 0
0.312987 0
0.313415 0
0.313973 0
0.314446 0
0.315085 0
0.315513 0
0.316135 0
0.316599 0
0.317229 0
0.317675 0
0.318456 1
0.319050 0
0.319689 0
0.320081 0
0.320684 0
0.321139 0
0.321724 0
0.322125 0
0.322683 0
0.323147 0
0.323768 0
0.324196 0
0.324817 0
0.325200 0
0.326315 1
0.326689 0
0.327319 0
0.327756 0
0.328359 0
0.328832 0
0.329427 0
0.329936 0
0.330557 0
0.331039 0
0.331597 0
0.332052 0
0.332682 0
0.333065 0
0.333578 0
0.334033 0
0.334546 0
0.334992 0
0.335577 0
0.336059 0
0.336590 0
0.336973 0
0.337540 0
0.338022 0
0.338535 0
0.338999 0
0.339584 0
0.340048 0
0.340588 0
0.341007 0
0.341619 0
0.342057 0
0.342570 0
0.343034 0
0.343637 0
0.344047 0
0.344668 0
0.345141 0
0.345753 0
0.346163 0
0.346748 0
0.347203 0
0.347806 0
0.348243 0
0.348864 0
0.349373 0
0.349940 0
0.350422 0
0.350944 0
0.351435 0
0.351948 0
0.352421 0
0.353060 0
0.353452 0
0.354055 0
0.354447 0
0.354831 0
0.355407 0
0.356224 1
0.356634 0
0.357403 0
0.357894 0
0.359045 1
0.359437 0
0.359995 0
0.360441 0
0.360972 0
0.361391 0
0.361774 0
0.362359 0
0.362926 0
0.363390 0
0.364469 1
0.364879 0
0.365401 0
0.365802 0
0.366423 0
0.366905 0
0.367428 0
0.367829 0
0.368396 0
0.368833 0
0.369436 0
0.369927 0
0.370512 0
0.370922 0
0.371489 0
0.371962 0
0.372511 0
0.373002 0
0.373605 0
0.374105 0
0.374690 0
0.375118 0
0.375667 0
0.376095 0
0.376707 0
0.377144 0
0.377720 0
0.378211 0
0.378850 0
0.379242 0
0.379854 0
0.380319 0
0.380850 0
0.381296 0
0.381890 0
0.382354 0
0.382975 0
0.383385 0
0.383970 0
0.384452 0
0.385046 0
0.385429 0
0.385969 0
0.386442 0
0.387009 0
0.387491 0
0.388085 0
0.388558 0
0.389429 1
0.390041 0
0.390680 0
0.391171 0
0.391810 0
0.392283 0
0.392922 0
0.393422 0
0.393972 0
0.394445 0
0.394967 0
0.395395 0
0.395796 0
0.396399 0
0.396782 0
0.397367 0
0.397759 0
0.398151 0
0.399194 1
0.399770 0
0.400162 0
0.400783 0
0.401404 0
0.401850 0
0.402399 0
0.402854 0
0.403448 0
0.403948 0
0.404569 0
0.404979 0
0.405573 0
0.406010 0
0.406641 0
0.407123 0
0.407717 0
0.408136 0
0.408775 0
0.409176 0
0.410374 1
0.410766 0
0.411378 0
0.411761 0
0.412301 0
0.412711 0
0.413287 0
0.413769 0
0.414390 0
0.414809 0
0.415403 0
0.415850 0
0.416462 0
0.416899 0
0.417529 0
0.418038 0
0.418605 0
0.419069 0
0.419609 0
0.420109 0
0.420622 0
0.421023 0
0.421415 0
0.421811 0
0.423119 1
0.423529 0
0.424087 0
0.424479 0
0.425055 0
0.425501 0
0.426113 0
0.426568 0
0.427162 0
0.427617 0
0.428202 0
0.428595 0
0.429162 0
0.429554 0
0.430193 0
0.430630 0
0.431188 0
0.431589 0
0.432228 0
0.432683 0
0.433798 1
0.434244 0
0.434865 0
0.435320 0
0.435833 0
0.436270 0
0.436792 0
0.437166 0
0.437796 0
0.438260 0
0.438899 0
0.439291 0
0.439903 0
0.440394 0
0.440907 0
0.441300 0
0.441885 0
0.442331 0
0.442925 0
0.443389 0
0.443947 0
0.444429 0
0.444996 0
0.445397 0
0.445910 0
0.446374 0
0.446932 0
0.447414 0
0.448044 0
0.448481 0
0.449048 0
0.449494 0
0.450016 0
0.450417 0
0.450993 0
0.451439 0
0.452060 0
0.452542 0
0.453073 0
0.453519 0
0.453912 0
0.454470 0
0.454853 0
0.455429 0
0.456014 0
0.456415 0
0.457018 0
0.457428 0
0.458058 0
0.458450 0
0.459520 1
0.459993 0
0.460515 0
0.460979 0
0.461546 0
0.461983 0
0.462550 0
0.462951 0
0.463572 0
0.464027 0
0.464558 0
0.464977 0
0.465526 0
0.465981 0
0.466549 0
0.466986 0
0.467625 0
0.467999 0
0.468512 0
0.468886 0
0.469314 0
0.469872 0
0.470246 0
0.470849 0
0.471461 0
0.471844 0
0.472950 1
0.473396 0
0.473945 0
0.474319 0
0.474931 0
0.475422 0
0.476043 0
0.476489 0
0.477110 0
0.477538 0
0.478168 0
0.478659 0
0.479245 0
0.479628 0
0.480258 0
0.480695 0
0.481226 0
0.481681 0
0.482284 0
0.482766 0
0.483279 0
0.483653 0
0.484220 0
0.484675 0
0.485287 0
0.485778 0
0.486956 1
0.487420 0
0.488032 0
0.488514 0
0.489063 0
0.489554 0
0.490157 0
0.490648 0
0.491170 0
0.491634 0
0.492256 0
0.492765 0
0.493404 0
0.493850 0
0.494426 0
0.494917 0
0.495529 0
0.495939 0
0.496560 0
0.497015 0
0.497582 0
0.498064 0
0.498703 0
0.499203 0
0.499716 0
0.500108 0
0.500491 0
0.500892 0
0.501266 0
0.501649 0
0.502023 0
0.503542 1
0.504064 0
0.504556 0
0.505141 0
0.505641 0
0.506271 0
0.506699 0
0.507239 0
0.507703 0
0.508261 0
0.508680 0
0.509211 0
0.509603 0
0.510161 0
0.510580 0
0.511614 1
0.512114 0
0.512823 0
0.513278 0
0.513881 0
0.514309 0
0.514858 0
0.515286 0
0.515808 0
0.516245 0
0.517171 1
0.517783 0
0.518395 0
0.518859 0
0.519471 0
0.519845 0
0.520394 0
0.520876 0
0.521443 0
0.521907 0
0.522438 0
0.522839 0
0.523460 0
0.523852 0
0.524473 0
0.524910 0
0.525513 0
0.525932 0
0.526553 0
0.526954 0
0.527530 0
0.527967 0
0.528588 0
0.529052 0
0.529574 0
0.529985 0
0.530624 0
0.531034 0
0.531655 0
0.532164 0
0.532749 0
0.533177 0
0.533807 0
0.534244 0
0.534775 0
0.535203 0
0.535797 0
0.536288 0
0.537313 1
0.537795 0
0.538398 0
0.538826 0
0.539447 0
0.539884 0
0.540523 0
0.540915 0
0.541527 0
0.541946 0
0.542531 0
0.543023 0
0.543626 0
0.544126 0
0.544648 0
0.545076 0
0.545661 0
0.546035 0
0.546593 0
0.547048 0
0.547570 0
0.548079 0
0.548592 0
0.549011 0
0.549864 1
0.550238 0
0.550859 0
0.551462 0
0.552622 1
0.553068 0
0.553590 0
0.554018 0
0.554630 0
0.555103 0
0.555742 0
0.556216 0
0.556837 0
0.557274 0
0.557814 0
0.558206 0
0.558845 0
0.559255 0
0.559867 0
0.560340 0
0.560898 0
0.561281 0
0.561848 0
0.562321 0
0.563355 1
0.563855 0
0.564422 0
0.564859 0
0.565435 0
0.565836 0
0.566439 0
0.566831 0
0.567344 0
0.567853 0
0.568402 0
0.568840 0
0.569443 0
0.569826 0
0.570716 1
0.571117 0
0.571738 0
0.572130 0
0.572697 0
0.573107 0
0.574023 1
0.574415 0
0.574798 0
0.575401 0
0.576134 0
0.576616 0
0.577219 0
0.577656 0
0.578268 0
0.578696 0
0.579281 0
0.579727 0
0.580312 0
0.580758 0
0.581335 0
0.581844 0
0.582384 0
0.582893 0
0.583496 0
0.583996 0
0.584536 0
0.584955 0
0.585522 0
0.585950 0
0.586472 0
0.586954 0
0.587557 0
0.588003 0
0.588615 0
0.589043 0
0.589610 0
0.590065 0
0.590578 0
0.591051 0
0.591690 0
0.592064 0
0.592586 0
0.592969 0
0.593599 0
0.594010 0
0.594559 0
0.594987 0
0.595617 0
0.596108 0
0.596970 1
0.597344 0
0.597745 0
0.598191 0
0.599072 0
0.599527 0
0.600157 0
0.600612 0
0.601125 0
0.601517 0
0.602111 0
0.602548 0
0.603528 1
0.603983 0
0.604559 0
0.605005 0
0.605599 0
0.606073 0
0.606694 0
0.607131 0
0.607689 0
0.608108 0
0.608621 0
0.609040 0
0.609679 0
0.610152 0
0.610737 0
0.611156 0
0.611759 0
0.612187 0
0.612781 0
0.613191 0
0.613758 0
0.614240 0
0.614918 0
0.615301 0
0.615931 0
0.616341 0
0.616917 0
0.617426 0
0.618011 0
0.618502 0
0.619069 0
0.619569 0
0.620118 0
0.620600 0
0.621114 0
0.621542 0
0.621925 0
0.622537 0
0.623059 0
0.623532 0
0.624153 0
0.624581 0
0.625175 0
0.625639 0
0.626224 0
0.626715 0
0.627309 0
0.627683 0
0.628277 0
0.628696 0
0.629757 1
0.630099 0
0.630545 0
0.631112 0
0.631751 0
0.632197 0
0.632746 0
0.633192 0
0.633814 0
0.634278 0
0.634827 0
0.635291 0
0.635894 0
0.636358 0
0.636898 0
0.637299 0
0.637884 0
0.638375 0
0.638969 0
0.639379 0
0.639919 0
0.640374 0
0.640932 0
0.641423 0
0.642044 0
0.642472 0
0.642994 0
0.643404 0
0.644043 0
0.644435 0
0.645002 0
0.645421 0
0.645961 0
0.646354 0
0.646930 0
0.647385 0
0.647898 0
0.648380 0
0.648920 0
0.649402 0
0.650023 0
0.650505 0
0.651081 0
0.651464 0
0.652031 0
0.652450 0
0.652999 0
0.653373 0
0.653994 0
0.654494 0
0.655124 0
0.655615 0
0.656200 0
0.656601 0
0.657168 0
0.657551 0
0.658073 0
0.658465 0
0.659006 0
0.659479 0
0.660100 0
0.660519 0
0.661041 0
0.661415 0
0.661816 0
0.662217 0
0.662847 0
0.663396 0
0.663909 0
0.664364 0
0.664922 0
0.665305 0
0.665908 0
0.666282 0
0.666894 0
0.667340 0
0.667898 0
0.668317 0
0.668938 0
0.669384 0
0.669978 0
0.670478 0
0.671045 0
0.671501 0
0.672059 0
0.672478 0
0.673027 0
0.673536 0
0.674103 0
0.674540 0
0.675366 1
0.675942 0
0.676536 0
0.676991 0
0.677549 0
0.678022 0
0.678535 0
0.678990 0
0.679530 0
0.679967 0
0.680588 0
0.681088 0
0.681727 0
0.682236 0
0.682749 0
0.683132 0
0.683753 0
0.684244 0
0.684884 0
0.685312 0
0.685879 0
0.686262 0
0.686856 0
0.687293 0
0.687887 0
0.688360 0
0.688900 0
0.689301 0
0.689913 0
0.690404 0
0.690935 0
0.691390 0
0.691930 0
0.692439 0
0.692961 0
0.693461 0
0.694037 0
0.694456 0
0.695014 0
0.695406 0
0.695780 0
0.696163 0
0.696897 0
0.697352 0
0.697991 0
0.698473 0
0.699094 0
0.699468 0
0.700035 0
0.700517 0
0.701138 0
0.701530 0
0.702043 0
0.702516 0
0.703119 0
0.703610 0
0.704204 0
0.704596 0
0.705199 0
0.705663 0
0.706257 0
0.706676 0
0.707243 0
0.707680 0
0.708301 0
0.708801 0
0.709404 0
0.709896 0
0.710418 0
0.710882 0
0.711476 0
0.711913 0
0.712498 0
0.712989 0
0.713547 0
0.713966 0
0.714488 0
0.714943 0
0.715335 0
0.716270 1
0.716873 0
0.717416 0
0.718037 0
0.718519 0
0.719149 0
0.719649 0
0.720243 0
0.720635 0
0.721166 0
0.721666 0
0.722548 1
0.722922 0
0.723552 0
0.723935 0
0.724484 0
0.724912 0
0.725443 0
0.725925 0
0.726546 0
0.727001 0
0.728017 1
0.728490 0
0.729111 0
0.729584 0
0.730214 0
0.730588 0
0.731182 0
0.731682 0
0.732222 0
0.732605 0
0.733720 1
0.734103 0
0.734715 0
0.735207 0
0.735720 0
0.736229 0
0.736868 0
0.737377 0
0.737899 0
0.738291 0
0.738903 0
0.739394 0
0.739961 0
0.740452 0
0.741082 0
0.741501 0
0.742050 0
0.742496 0
0.743135 0
0.743563 0
0.744121 0
0.744630 0
0.745215 0
0.745670 0
0.746264 0
0.746728 0
0.747340 0
0.747732 0
0.748354 0
0.748863 0
0.749475 0
0.749966 0
0.750515 0
0.750952 0
0.752094 1
0.752594 0
0.753188 0
0.753589 0
0.754201 0
0.754575 0
0.755205 0
0.755579 0
0.756146 0
0.756520 0
0.756894 0
0.757533 0
0.757893 0
0.758505 0
0.759054 0
0.759464 0
0.760040 0
0.760495 0
0.761072 0
0.761527 0
0.762103 0
0.762495 0
0.763008 0
0.763427 0
0.763985 0
0.764386 0
0.764935 0
0.765372 0
0.766002 0
0.766502 0
0.767042 0
0.767515 0
0.768136 0
0.768645 0
0.769248 0
0.769703 0
0.770342 0
0.770824 0
0.771445 0
0.771837 0
0.772359 0
0.772733 0
0.773300 0
0.773675 0
0.774278 0
0.774751 0
0.775523 1
0.775987 0
0.776415 0
0.776991 0
0.777392 0
0.777941 0
0.779047 1
0.779623 0
0.780235 0
0.780645 0
0.781221 0
0.781622 0
0.782198 0
0.782608 0
0.783380 1
0.783763 0
0.784227 0
0.784628 0
0.785020 0
0.786126 1
0.786833 0
0.787270 0
0.787900 0
0.788539 0
0.789142 0
0.789597 0
0.790200 0
0.790619 0
0.791689 1
0.792162 0
0.792711 0
0.793094 0
0.793468 0
0.794107 0
0.795050 1
0.795635 0
0.796211 0
0.796684 0
0.797224 0
0.797643 0
0.798044 0
0.798638 0
0.799223 0
0.799715 0
0.800282 0
0.800710 0
0.801259 0
0.801741 0
0.802308 0
0.802745 0
0.803303 0
0.803695 0
0.804485 1
0.804940 0
0.805977 1
0.806598 0
0.807210 0
0.807611 0
0.808232 0
0.808660 0
0.809272 0
0.809772 0
0.810411 0
0.810857 0
0.811469 0
0.811870 0
0.812464 0
0.812928 0
0.813523 0
0.814005 0
0.814527 0
0.815009 0
0.815585 0
0.816076 0
0.816589 0
0.817044 0
0.817566 0
0.818039 0
0.818678 0
0.819169 0
0.819911 0
0.820420 0
0.821535 1
0.822026 0
0.822665 0
0.823093 0
0.823642 0
0.824070 0
0.824601 0
0.825056 0
0.825597 0
0.826079 0
0.826709 0
0.827200 0
0.827803 0
0.828177 0
0.828816 0
0.829289 0
0.829820 0
0.830284 0
0.830896 0
0.831387 0
0.832008 0
0.832400 0
0.832922 0
0.833323 0
0.833836 0
0.834309 0
0.834885 0
0.835295 0
0.835889 0
0.836362 0
0.836974 0
0.837357 0
0.837951 0
0.838335 0
0.838875 0
0.839294 0
0.839861 0
0.840307 0
0.840937 0
0.841347 0
0.841941 0
0.842378 0
0.842990 0
0.843409 0
0.843994 0
0.844458 0
0.845007 0
0.845453 0
0.845966 0
0.846385 0
0.846961 0
0.847353 0
0.847893 0
0.848393 0
0.848906 0
0.849415 0
0.849928 0
0.850320 0
0.850897 0
0.851334 0
0.851856 0
0.852365 0
0.852986 0
0.853414 0
0.854044 0
0.854436 0
0.854958 0
0.855341 0
0.855971 0
0.856381 0
0.856903 0
0.857349 0
0.857943 0
0.858398 0
0.858911 0
0.859321 0
0.859852 0
0.860235 0
0.860874 0
0.861302 0
0.861914 0
0.862288 0
0.862891 0
0.863302 0
0.863842 0
0.864225 0
0.864828 0
0.865283 0
0.865850 0
0.866296 0
0.866917 0
0.867372 0
0.867939 0
0.868358 0
0.868979 0
0.869452 0
0.870064 0
0.870546 0
0.871158 0
0.871568 0
0.872144 0
0.872518 0
0.873157 0
0.873648 0
0.874224 0
0.874643 0
0.875722 1
0.876214 0
0.876835 0
0.877263 0
0.877794 0
0.878303 0
0.878852 0
0.879253 0
0.879874 0
0.880374 0
0.880914 0
0.881315 0
0.881900 0
0.882292 0
0.882693 0
0.883242 0
0.883863 0
0.884273 0
0.884912 0
0.885340 0
0.885880 0
0.886389 0
0.886929 0
0.887357 0
0.887749 0
0.888280 0
0.888821 0
0.889267 0
0.889843 0
0.890289 0
0.890865 0
0.891257 0
0.892426 1
0.892836 0
0.893439 0
0.893930 0
0.894443 0
0.894871 0
0.895447 0
0.895929 0
0.896442 0
0.896843 0
0.897253 0
0.897654 0
0.898028 0
0.898779 0
0.899382 0
0.899774 0
0.900377 0
0.900779 0
0.901355 0
0.901828 0
0.902467 0
0.902850 0
0.903390 0
0.903881 0
0.904484 0
0.904930 0
0.905569 0
0.905961 0
0.906600 0
0.907073 0
0.907712 0
0.908095 0
0.908680 0
0.909135 0
0.909729 0
0.910139 0
0.910679 0
0.911071 0
0.911674 0
0.912165 0
0.912768 0
0.913196 0
0.913782 0
0.914210 0
0.914795 0
0.915259 0
0.916049 1
0.916634 0
0.917062 0
0.917701 0
0.918223 0
0.918624 0
0.919263 0
0.919745 0
0.920330 0
0.920803 0
0.921352 0
0.921852 0
0.922597 0
0.923106 0
0.923736 0
0.924110 0
0.924641 0
0.925078 0
0.925591 0
0.926091 0
0.926623 0
0.927096 0
0.927735 0
0.928217 0
0.928775 0
0.929266 0
0.929869 0
0.930360 0
0.930999 0
0.931454 0
0.931985 0
0.932458 0
0.933088 0
0.933570 0
0.934164 0
0.934538 0
0.935168 0
0.935677 0
0.936262 0
0.936753 0
0.937293 0
0.937802 0
0.938351 0
0.938842 0
0.939382 0
0.939802 0
0.940324 0
0.940707 0
0.941623 1
0.942675 1
0.943314 0
0.943706 0
0.944327 0
0.944827 0
0.945412 0
0.945894 0
0.946452 0
0.946871 0
0.947402 0
0.947821 0
0.948433 0
0.948843 0
0.949437 0
0.949919 0
0.951007 1
0.951435 0
0.952047 0
0.952466 0
0.953097 0
0.953579 0
0.954218 0
0.954709 0
0.955294 0
0.955776 0
0.956388 0
0.956843 0
0.957446 0
0.957910 0
0.958468 0
0.958860 0
0.959252 0
0.959626 0
0.960211 0
0.960805 0
0.961399 0
0.961773 0
0.962286 0
0.962750 0
0.963380 0
0.963889 0
0.964492 0
0.964893 0
0.965487 0
0.965934 0
0.966519 0
0.966920 0
0.967469 0
0.967969 0
0.968500 0
0.969000 0
0.969567 0
0.970031 0
0.970544 0
0.970990 0
0.971952 1
0.972461 0
0.973064 0
0.973447 0
0.974005 0
0.974388 0
0.974928 0
0.975419 0
0.976031 0
0.976468 0
0.977089 0
0.977589 0
0.978138 0
0.978531 0
0.978905 0
0.979333 0
0.980039 0
0.980431 0
0.981070 0
0.981498 0
0.982101 0
0.982493 0
0.983078 0
0.983461 0
0.984055 0
0.984510 0
0.985068 0
0.985487 0
0.986099 0
0.986473 0
0.987112 0
0.987585 0
0.988736 1
0.989182 0
0.989713 0
0.990150 0
0.990727 0
0.991191 0
0.991749 0
0.992150 0
0.992780 0
0.993167 0
0.993779 0
0.994216 0
0.994846 0
0.995238 0
0.995814 0
0.996278 0
0.996800 0
0.997246 0
0.997840 0
0.998259 0
0.998826 0
0.999236 0
0.999857 0
1.000258 0
1.000825 0
1.001253 0
1.001793 0
1.002284 0
1.002806 0
1.003190 0
1.003820 0
1.004293 0
1.004851 0
1.005333 0
1.005882 0
1.006328 0
1.006913 0
1.007305 0
1.007854 0
1.008354 0
1.008876 0
1.009322 0
1.009934 0
1.010398 0
1.011010 0
1.011411 0
1.011996 0
1.012496 0
1.013099 0
1.013536 0
1.014085 0
1.014540 0
1.015179 0
1.015670 0
1.016220 0
1.016711 0
1.017332 0
1.017778 0
1.018381 0
1.018782 0
1.019349 0
1.019849 0
1.020425 0
1.020853 0
1.021456 0
1.021830 0
1.022406 0
1.022798 0
1.023329 0
1.023784 0
1.024167 0
1.024903 0
1.025443 0
1.025907 0
1.026546 0
1.026956 0
1.027505 0
1.027933 0
1.028573 0
1.029019 0
1.029595 0
1.030050 0
1.030662 0
1.031036 0
1.031549 0
1.031941 0
1.032562 0
1.033044 0
1.033566 0
1.033949 0
1.034332 0
1.035212 1
1.035945 0
1.036364 0
1.036976 0
1.037467 0
1.038106 0
1.038597 0
1.039119 0
1.039529 0
1.039903 0
1.040756 1
1.041203 0
1.041945 0
1.042512 0
1.042931 0
1.043534 0
1.043980 0
1.044574 0
1.045020 0
1.045614 0
1.046051 0
1.046645 0
1.047046 0
1.047622 0
1.048086 0
1.048725 0
1.049189 0
1.049810 0
1.050256 0
1.050769 0
1.051260 0
1.051791 0
1.052237 0
1.052822 0
1.053331 0
1.053899 0
1.054327 0
1.054966 0
1.055466 0
1.056015 0
1.056389 0
1.057019 0
1.057510 0
1.058104 0
1.058478 0
1.058888 0
1.059518 0
1.060148 0
1.060558 0
1.061179 0
1.061562 0
1.062147 0
1.062611 0
1.063133 0
1.063561 0
1.064182 0
1.064565 0
1.065096 0
1.065542 0
1.066172 0
1.066574 0
1.067132 0
1.067605 0
1.068208 0
1.068690 0
1.069320 0
1.069721 0
1.070324 0
1.070752 0
1.071283 0
1.071783 0
1.072296 0
1.072778 0
1.073363 0
1.073818 0
1.074457 0
1.074930 0
1.075461 0
1.075871 0
1.076402 0
1.076884 0
1.077460 0
1.077870 0
1.078473 0
1.078874 0
1.079478 0
1.079933 0
1.080563 0
1.080973 0
1.081522 0
1.081941 0
1.082526 0
1.083026 0
1.083566 0
1.084048 0
1.085100 1
1.085564 0
1.086158 0
1.086577 0
1.087126 0
1.087563 0
1.088202 0
1.088693 0
1.089206 0
1.089643 0
1.090174 0
1.090674 0
1.091295 0
1.091795 0
1.092381 0
1.092782 0
1.093322 0
1.093759 0
1.094317 0
1.094709 0
1.095339 0
1.095749 0
1.096307 0
1.096753 0
1.097347 0
1.097802 0
1.098324 0
1.098734 0
1.099283 0
1.099720 0
1.100341 0
1.100742 0
1.101291 0
1.101728 0
1.102781 1
1.103191 0
1.103713 0
1.104213 0
1.104753 0
1.105127 0
1.105766 0
1.106239 0
1.106752 0
1.107216 0
1.107855 0
1.108301 0
1.108815 0
1.109261 0
1.109846 0
1.110310 0
1.110895 0
1.111350 0
1.111935 0
1.112363 0
1.112885 0
1.113322 0
1.113853 0
1.114353 0
1.114993 0
1.115484 0
1.116060 0
1.116452 0
1.117091 0
1.117600 0
1.118149 0
1.118523 0
1.119511 1
1.120114 0
1.120699 0
1.121118 0
1.121685 0
1.122141 0
1.122681 0
1.123190 0
1.123784 0
1.124293 0
1.124923 0
1.125342 0
1.125981 0
1.126400 0
1.127055 0
1.127501 0
1.128437 1
1.128820 0
1.129459 0
1.129860 0
1.130490 0
1.130981 0
1.131503 0
1.131877 0
1.132444 0
1.132944 0
1.133556 0
1.134047 0
1.134965 1
1.135366 0
1.135749 0
1.136334 0
1.136856 0
1.137320 0
1.137923 0
1.138414 0
1.139044 0
1.139535 0
1.140406 1
1.141019 0
1.141420 0
1.141848 0
1.142388 0
1.143018 0
1.143630 0
1.144022 0
1.144661 0
1.145125 0
1.145647 0
1.146138 0
1.146651 0
1.147133 0
1.147773 0
1.148255 0
1.148804 0
1.149214 0
1.149844 0
1.150218 0
1.150857 0
1.151276 0
1.151789 0
1.152199 0
1.152766 0
1.153158 0
1.153735 0
1.154235 0
1.154829 0
1.155284 0
1.156318 1
1.156800 0
1.157394 0
1.157804 0
1.158317 0
1.158826 0
1.159447 0
1.159947 0
1.160587 0
1.161015 0
1.161546 0
1.161956 0
1.162478 0
1.162888 0
1.163518 0
1.163946 0
1.164540 0
1.164950 0
1.165463 0
1.165972 0
1.166612 0
1.167085 0
1.167625 0
1.168044 0
1.168852 1
1.169235 0
1.169690 0
1.170100 0
1.171475 1
1.171957 0
1.172578 0
1.172980 0
1.173592 0
1.174065 0
1.174605 0
1.174997 0
1.175380 0
1.175808 0
1.176366 0
1.176978 0
1.177590 0
1.178054 0
1.178612 0
1.179077 0
1.179698 0
1.180108 0
1.180657 0
1.181094 0
1.181634 0
1.182116 0
1.182719 0
1.183093 0
1.183669 0
1.184106 0
1.184619 0
1.185083 0
1.185606 0
1.185989 0
1.186435 0
1.187029 0
1.187614 0
1.188051 0
1.188690 0
1.189082 0
1.189712 0
1.190086 0
1.190599 0
1.191072 0
1.191604 0
1.191987 0
1.192397 0
1.192798 0
1.193549 0
1.194022 0
1.194643 0
1.195062 0
1.195611 0
1.196003 0
1.196525 0
1.197016 0
1.197548 0
1.197971 0
1.198502 0
1.198957 0
1.199569 0
1.200069 0
1.200582 0
1.200965 0
1.201532 0
1.202014 0
1.202527 0
1.202928 0
1.203366 0
1.203978 0
1.204500 0
1.204982 0
1.205504 0
1.205914 0
1.206508 0
1.206990 0
1.207593 0
1.208048 0
1.208642 0
1.209025 0
1.209408 0
1.210316 1
1.210955 0
1.211513 0
1.212089 0
1.212499 0
1.213111 0
1.213503 0
1.214124 0
1.214606 0
1.215218 0
1.215655 0
1.216186 0
1.216687 0
1.217317 0
1.217772 0
1.218375 0
1.218758 0
1.219271 0
1.219744 0
1.220275 0
1.220766 0
1.221324 0
1.221761 0
1.222346 0
1.222792 0
1.223324 0
1.223725 0
1.224126 0
1.224648 0
1.225224 0
1.225607 0
1.226228 0
1.226656 0
1.227241 0
1.227678 0
1.228281 0
1.228718 0
1.229428 0
1.229838 0
1.230414 0
1.230914 0
1.231966 1
1.232376 0
1.232898 0
1.233380 0
1.233983 0
1.234438 0
1.234969 0
1.235469 0
1.236091 0
1.236564 0
1.237122 0
1.237550 0
1.238099 0
1.238581 0
1.239175 0
1.239675 0
1.240224 0
1.240724 0
1.241559 1
1.241942 0
1.242649 0
1.243059 0
1.243581 0
1.244045 0
1.244675 0
1.245103 0
1.245679 0
1.246053 0
1.246656 0
1.247156 0
1.247723 0
1.248187 0
1.248728 0
1.249210 0
1.249822 0
1.250223 0
1.250844 0
1.251299 0
1.251920 0
1.252312 0
1.252879 0
1.253325 0
1.253883 0
1.254338 0
1.254897 0
1.255271 0
1.255874 0
1.256293 0
1.256860 0
1.257288 0
1.257909 0
1.258301 0
1.258814 0
1.259260 0
1.259899 0
1.260354 0
1.260948 0
1.261422 0
1.262043 0
1.262534 0
1.263146 0
1.263610 0
1.264123 0
1.264569 0
1.265163 0
1.265546 0
1.266104 0
1.266532 0
1.266915 0
1.267555 0
1.268158 0
1.268532 0
1.269377 1
1.269769 0
1.270188 0
1.270746 0
1.271268 0
1.271687 0
1.272281 0
1.272781 0
1.273339 0
1.273831 0
1.274362 0
1.274790 0
1.275384 0
1.275776 0
1.276195 0
1.276789 0
1.277347 0
1.277766 0
1.278360 0
1.278788 0
1.279373 0
1.279847 0
1.280818 1
1.281282 0
1.281813 0
1.282322 0
1.282952 0
1.283353 0
1.284450 1
1.284932 0
1.285445 0
1.285837 0
1.286450 0
1.286923 0
1.287553 0
1.288044 0
1.288665 0
1.289165 0
1.289786 0
1.290205 0
1.290790 0
1.291227 0
1.291749 0
1.292195 0
1.292781 0
1.293191 0
1.293785 0
1.294168 0
1.295211 1
1.295693 0
1.296332 0
1.296769 0
1.297920 1
1.298321 0
1.298861 0
1.299326 0
1.299875 0
1.300258 0
1.300861 0
1.301244 0
1.301793 0
1.302284 0
1.302797 0
1.303207 0
1.303810 0
1.304283 0
1.305345 1
1.305836 0
1.306358 0
1.306831 0
1.307389 0
1.307862 0
1.308456 0
1.308893 0
1.309451 0
1.309960 0
1.310473 0
1.310892 0
1.311522 0
1.311915 0
1.312428 0
1.312847 0
1.313432 0
1.313842 0
1.314418 0
1.314891 0
1.315485 0
1.315976 0
1.316588 0
1.317016 0
1.317538 0
1.318021 0
1.318552 0
1.318971 0
1.319502 0
1.320002 0
1.320551 0
1.320952 0
1.321537 0
1.321938 0
1.322809 1
1.323412 0
1.323952 0
1.324443 0
1.325047 0
1.325520 0
1.326069 0
1.326515 0
1.327118 0
1.327510 0
1.328113 0
1.328568 0
1.329099 0
1.329473 0
1.329883 0
1.330486 0
1.331036 0
1.331500 0
1.332272 0
1.332664 0
1.333617 1
1.333991 0
1.334603 0
1.335049 0
1.335884 1
1.336496 0
1.337090 0
1.337483 0
1.337875 0
1.338954 1
1.339566 0
1.340057 0
1.340588 0
1.341088 0
1.341637 0
1.342083 0
1.342668 0
1.343141 0
1.343745 0
1.344164 0
1.344731 0
1.345231 0
1.345870 0
1.346262 0
1.346784 0
1.347230 0
1.347824 0
1.348333 0
1.348945 0
1.349436 0
1.350003 0
1.350396 0
1.350972 0
1.351463 0
1.352066 0
1.352458 0
1.352998 0
1.353471 0
1.354074 0
1.354466 0
1.355024 0
1.355416 0
1.356019 0
1.356448 0
1.357051 0
1.357542 0
1.358163 0
1.358582 0
1.359203 0
1.359595 0
1.360773 1
1.361237 0
1.361750 0
1.362151 0
1.362700 0
1.363102 0
1.363705 0
1.364160 0
1.364700 0
1.365155 0
1.365794 0
1.366168 0
1.366789 0
1.367208 0
1.367739 0
1.368176 0
1.368716 0
1.369118 0
1.369694 0
1.370095 0
1.370725 0
1.371108 0
1.371720 0
1.372220 0
1.372823 0
1.373233 0
1.373800 0
1.374210 0
1.374741 0
1.375196 0
1.375746 0
1.376165 0
1.376804 0
1.377232 0
1.377763 0
1.378182 0
1.379234 1
1.379707 0
1.380247 0
1.380756 0
1.381269 0
1.381644 0
1.382247 0
1.382729 0
1.383269 0
1.383661 0
1.384255 0
1.384647 0
1.385286 0
1.385687 0
1.386209 0
1.386619 0
1.387195 0
1.387650 0
1.388227 0
1.388601 0
1.389186 0
1.389695 0
1.390298 0
1.390726 0
1.391239 0
1.391658 0
1.392279 0
1.392788 0
1.393373 0
1.393864 0
1.394432 0
1.394932 0
1.395463 0
1.395855 0
1.396485 0
1.396985 0
1.397561 0
1.397953 0
1.398896 1
1.399472 0
1.400048 0
1.400503 0
1.401052 0
1.401445 0
1.401958 0
1.402413 0
1.402962 0
1.403345 0
1.403948 0
1.404349 0
1.404961 0
1.405470 0
1.406064 0
1.406465 0
1.407086 0
1.407542 0
1.408154 0
1.408555 0
1.409068 0
1.409496 0
1.410117 0
1.410572 0
1.411193 0
1.411639 0
1.412215 0
1.412661 0
1.413183 0
1.413620 0
1.414161 0
1.414652 0
1.415228 0
1.415728 0
1.416304 0
1.416705 0
1.417299 0
1.417736 0
1.418806 1
1.419189 0
1.419738 0
1.420194 0
1.420824 0
1.421315 0
1.421936 0
1.422346 0
1.422985 0
1.423404 0
1.423926 0
1.424408 0
1.424993 0
1.425376 0
1.425777 0
1.426362 0
1.426975 0
1.427367 0
1.427988 0
1.428398 0
1.429279 1
1.429770 0
1.430310 0
1.430765 0
1.431377 0
1.431805 0
1.432363 0
1.432819 0
1.433350 0
1.433814 0
1.434469 0
1.434951 0
1.435545 0
1.435964 0
1.436504 0
1.437013 0
1.437652 0
1.438071 0
1.438602 0
1.439067 0
1.439625 0
1.440080 0
1.440593 0
1.441030 0
1.441561 0
1.441935 0
1.442529 0
1.442948 0
1.443461 0
1.443925 0
1.444456 0
1.444903 0
1.445515 0
1.445961 0
1.446546 0
1.447001 0
1.447559 0
1.448014 0
1.448626 0
1.449045 0
1.449603 0
1.450112 0
1.450634 0
1.451143 0
1.451738 0
1.452202 0
1.452733 0
1.453107 0
1.453481 0
1.454111 0
1.454642 0
1.455043 0
1.455574 0
1.455975 0
1.456488 0
1.456898 0
1.457475 0
1.457921 0
1.458533 0
1.458916 0
1.459851 1
1.460261 0
1.460855 0
1.461337 0
1.461868 0
1.462287 0
1.462809 0
1.463255 0
1.463823 0
1.464233 0
1.464773 0
1.465282 0
1.465876 0
1.466259 0
1.466817 0
1.467308 0
1.467830 0
1.468339 0
1.468879 0
1.469262 0
1.469830 0
1.470231 0
1.470762 0
1.471262 0
1.471820 0
1.472329 0
1.472860 0
1.473333 0
1.473864 0
1.474337 0
1.474895 0
1.475404 0
1.475962 0
1.476337 0
1.476850 0
1.477260 0
1.477899 0
1.478363 0
1.478939 0
1.479385 0
1.479988 0
1.480380 0
1.480947 0
1.481339 0
1.481960 0
1.482407 0
1.483010 0
1.483393 0
1.484032 0
1.484523 0
1.485126 0
1.485536 0
1.486166 0
1.486603 0
1.487116 0
1.487607 0
1.488237 0
1.488629 0
1.489691 1
1.490164 0
1.490758 0
1.491195 0
1.491726 0
1.492145 0
1.492766 0
1.493203 0
1.493842 0
1.494216 0
1.494783 0
1.495221 0
1.495806 0
1.496198 0
1.496828 0
1.497328 0
1.497967 0
1.498377 0
1.498899 0
1.499345 0
1.500108 1
1.500500 0
1.501130 0
1.501760 0
1.502400 0
1.502873 0
1.503413 0
1.503805 0
1.504390 0
1.504854 0
1.505475 0
1.505966 0
1.506578 0
1.507087 0
1.507627 0
1.508028 0
1.508578 0
1.509015 0
1.509582 0
1.510019 0
1.510595 0
1.510978 0
1.511554 0
1.511991 0
1.512612 0
1.512995 0
1.513625 0
1.514035 0
1.514566 0
1.514941 0
1.515984 1
1.516385 0
1.516934 0
1.517416 0
1.518251 1
1.518634 0
1.519246 0
1.519849 0
1.520470 0
1.520979 0
1.521547 0
1.522011 0
1.522578 0
1.523051 0
1.523663 0
1.524136 0
1.524766 0
1.525266 0
1.525869 0
1.526342 0
1.526972 0
1.527373 0
1.528003 0
1.528504 0
1.529107 0
1.529553 0
1.530156 0
1.530584 0
1.531501 1
1.532001 0
1.532568 0
1.533041 0
1.533626 0
1.534027 0
1.534658 0
1.535149 0
1.535788 0
1.536180 0
1.536898 0
1.537371 0
1.537884 0
1.538285 0
1.538843 0
1.539307 0
1.539946 0
1.540401 0
1.541183 1
1.541647 0
1.542196 0
1.542642 0
1.543173 0
1.543812 0
1.544406 0
1.544861 0
1.545383 0
1.545865 0
1.546495 0
1.546995 0
1.547599 0
1.548018 0
1.548621 0
1.549031 0
1.549553 0
1.549963 0
1.550355 0
1.550756 0
1.551386 0
1.552447 1
1.553086 0
1.553469 0
1.554082 0
1.554519 0
1.555122 0
1.555514 0
1.556108 0
1.556491 0
1.557094 0
1.557540 0
1.558080 0
1.558571 0
1.559165 0
1.559629 0
1.560233 0
1.560715 0
1.561327 0
1.561773 0
1.562331 0
1.562822 0
1.563434 0
1.563889 0
1.564510 0
1.564938 0
1.565496 0
1.565906 0
1.566280 0
1.566839 0
1.567258 0
1.567870 0
1.568446 0
1.568937 0
1.569477 0
1.569905 0
1.570499 0
1.570981 0
1.571611 0
1.572021 0
1.572597 0
1.572990 0
1.573521 0
1.573895 0
1.574305 0
1.574679 0
1.575282 0
1.575858 0
1.576425 0
1.576844 0
1.577968 1
1.578459 0
1.579098 0
1.579563 0
1.580094 0
1.580486 0
1.581583 1
1.582074 0
1.582614 0
1.583051 0
1.583654 0
1.584136 0
1.584926 1
1.585309 0
1.586079 0
1.586588 0
1.587200 0
1.587637 0
1.588213 0
1.588596 0
1.589199 0
1.589627 0
1.590140 0
1.590640 0
1.591180 0
1.591581 0
1.592176 0
1.592658 0
1.593297 0
1.593770 0
1.594355 0
1.594738 0
1.595341 0
1.595787 0
1.596327 0
1.596710 0
1.597313 0
1.597786 0
1.598318 0
1.598800 0
1.599403 0
1.599858 0
1.600434 0
1.600862 0
1.601384 0
1.601857 0
1.602478 0
1.602852 0
1.603419 0
1.603847 0
1.604459 0
1.604861 0
1.605482 0
1.605946 0
1.606576 0
1.607067 0
1.607607 0
1.607985 0
1.608615 0
1.608989 0
1.609797 1
1.610207 0
1.610599 0
1.611055 0
1.611918 0
1.612355 0
1.612958 0
1.613431 0
1.613962 0
1.614363 0
1.614993 0
1.615484 0
1.616114 0
1.616488 0
1.617065 0
1.617484 0
1.618042 0
1.618416 0
1.618956 0
1.619438 0
1.620068 0
1.620541 0
1.621602 1
1.621994 0
1.622588 0
1.623098 0
1.623701 0
1.624084 0
1.624669 0
1.625106 0
1.625664 0
1.626065 0
1.626632 0
1.627069 0
1.628067 1
1.628486 0
1.629053 0
1.629509 0
1.630139 0
1.630612 0
1.631152 0
1.631607 0
1.632147 0
1.632539 0
1.633151 0
1.633633 0
1.634263 0
1.634646 0
1.635258 0
1.635723 0
1.636495 1
1.636905 0
1.638249 1
1.638722 0
1.639377 0
1.639823 0
1.640444 0
1.640818 0
1.641403 0
1.641777 0
1.642372 0
1.642872 0
1.643421 0
1.643813 0
1.644344 0
1.644790 0
1.645402 0
1.645821 0
1.646343 0
1.646834 0
1.647473 0
1.647865 0
1.648469 0
1.648879 0
1.649392 0
1.649856 0
1.650486 0
1.650986 0
1.651544 0
1.651936 0
1.652494 0
1.652994 0
1.653624 0
1.654034 0
1.654583 0
1.655021 0
1.655404 0
1.655778 0
1.656502 0
1.656939 0
1.657578 0
1.657988 0
1.658528 0
1.658974 0
1.659755 1
1.660165 0
1.661182 1
1.661565 0
1.661984 0
1.662717 0
1.663284 0
1.663658 0
1.664216 0
1.664599 0
1.665166 0
1.665585 0
1.666125 0
1.666626 0
1.667220 0
1.667639 0
1.668179 0
1.668688 0
1.669623 1
1.670033 0
1.670627 0
1.671118 0
1.671757 0
1.672212 0
1.672744 0
1.673253 0
1.673793 0
1.674185 0
1.674604 0
1.674996 0
1.675545 0
1.676184 0
1.676814 0
1.677323 0
1.677836 0
1.678327 0
1.678867 0
1.679278 0
1.680411 1
1.680902 0
1.681523 0
1.681933 0
1.682473 0
1.682919 0
1.683558 0
1.684004 0
1.684634 0
1.685017 0
1.685648 0
1.686148 0
1.686733 0
1.687179 0
1.687773 0
1.688237 0
1.688822 0
1.689313 0
1.689844 0
1.690308 0
1.690893 0
1.691402 0
1.691978 0
1.692434 0
1.692983 0
1.693447 0
1.694005 0
1.694487 0
1.695108 0
1.695572 0
1.696139 0
1.696513 0
1.696896 0
1.697508 0
1.698048 0
1.698558 0
1.699089 0
1.699463 0
1.700371 1
1.700808 0
1.701182 0
1.701785 0
1.702424 0
1.702834 0
1.703428 0
1.703874 0
1.704468 0
1.704933 0
1.705455 0
1.705847 0
1.706221 0
1.706595 0
1.707943 1
1.708420 0
1.708955 0
1.709405 0
1.710402 1
1.710871 0
1.711361 0
1.711811 0
1.712355 0
1.712742 0
1.713322 0
1.713772 0
1.714316 0
1.714775 0
1.715310 0
1.715769 0
1.716358 0
1.716700 0
1.717272 0
1.717695 0
1.718284 0
1.718698 0
1.719415 1
1.719986 0
1.720328 0
1.720872 0
1.721389 0
1.721857 0
1.722464 0
1.722914 0
1.723423 0
1.723846 0
1.724879 1
1.725230 0
1.725801 0
1.726215 0
1.726705 0
1.727128 0
1.727726 0
1.728077 0
1.728576 0
1.729053 0
1.729661 0
1.730048 0
1.730619 0
1.730979 0
1.731586 0
1.731928 0
1.732717 1
1.733086 0
1.733769 0
1.734228 0
1.734817 0
1.735232 0
1.735767 0
1.736199 0
1.736716 0
1.737130 0
1.737701 0
1.738070 0
1.738632 0
1.738992 0
1.739599 0
1.740040 0
1.740602 0
1.740944 0
1.741667 0
1.742117 0
1.742724 0
1.743156 0
1.743664 0
1.744069 0
1.744622 0
1.745072 0
1.745634 0
1.746075 0
1.746592 0
1.746989 0
1.747524 0
1.747929 0
1.748437 0
1.748896 0
1.749404 0
1.749782 0
1.750344 0
1.750803 0
1.751356 0
1.751815 0
1.752350 0
1.752827 0
1.753345 0
1.753741 0
1.754348 0
1.754717 0
1.755297 0
1.755675 0
1.756401 1
1.756788 0
1.757296 0
1.757665 0
1.758263 0
1.758834 0
1.759325 0
1.759757 0
1.760117 0
1.760616 0
1.760976 0
1.761354 0
1.761696 0
1.762379 0
1.763078 1
1.763438 0
1.763807 0
1.764360 0
1.764896 0
1.765440 0
1.765791 0
1.766380 0
1.766951 0
1.767410 0
1.767954 0
1.768404 0
1.768912 0
1.769290 0
1.769807 0
1.770185 0
1.770793 0
1.771261 0
1.771760 0
1.772219 0
1.772808 0
1.773222 0
1.773811 0
1.774162 0
1.774697 0
1.775165 0
1.775700 0
1.776159 0
1.776640 0
1.777073 0
1.777962 1
1.778367 0
1.778974 0
1.779397 0
1.779986 0
1.780355 0
1.780935 0
1.781304 0
1.781875 0
1.782289 0
1.782780 0
1.783248 0
1.783756 0
1.784206 0
1.784723 0
1.785164 0
1.785663 0
1.786023 0
1.787020 1
1.787497 0
1.788014 0
1.788365 0
1.788919 0
1.789360 0
1.789958 0
1.790354 0
1.791053 1
1.791579 0
1.791948 0
1.792290 0
1.793034 1
1.793484 0
1.794742 1
1.795084 0
1.795637 0
1.796051 0
1.796658 0
1.797126 0
1.797679 0
1.798075 0
1.798592 0
1.798952 0
1.799514 0
1.799991 0
1.800553 0
1.801031 0
1.801638 0
1.802079 0
1.802623 0
1.803019 0
1.803572 0
1.803941 0
1.804458 0
1.804881 0
1.805452 0
1.805884 0
1.806455 0
1.806888 0
1.807477 0
1.807954 0
1.808480 0
1.808957 0
1.809674 1
1.810281 0
1.810668 0
1.811185 0
1.811992 1
1.812590 0
1.812932 0
1.813530 0
1.814102 0
1.814543 0
1.815069 0
1.815465 0
1.815982 0
1.816360 0
1.816958 0
1.817435 0
1.817952 0
1.818411 0
1.818892 0
1.819252 0
1.820376 1
1.820763 0
1.821352 0
1.821766 0
1.822292 0
1.822742 0
1.823331 0
1.823691 0
1.824253 0
1.824613 0
1.825139 0
1.825580 0
1.826170 0
1.826593 0
1.827128 0
1.827551 0
1.828041 0
1.828464 0
1.829026 0
1.829476 0
1.829993 0
1.830371 0
1.830951 0
1.831392 0
1.831991 0
1.832378 0
1.832958 0
1.833408 0
1.834006 0
1.834375 0
1.835444 1
1.835867 0
1.836357 0
1.836798 0
1.837288 0
1.837648 0
1.838009 0
1.838544 0
1.839577 1
1.839937 0
1.840418 0
1.840895 0
1.841403 0
1.841790 0
1.842379 0
1.842739 0
1.843346 0
1.843939 0
1.844447 0
1.844897 0
1.845468 0
1.845945 0
1.846444 0
1.846813 0
1.847330 0
1.847771 0
1.848369 0
1.848765 0
1.849807 1
1.850276 0
1.850874 0
1.851216 0
1.851751 0
1.852093 0
1.852610 0
1.853006 0
1.853586 0
1.853982 0
1.854571 0
1.854958 0
1.855439 0
1.855782 0
1.856371 0
1.856821 0
1.857329 0
1.857689 0
1.858179 0
1.858584 0
1.858944 0
1.859542 0
1.860032 0
1.860500 0
1.861035 0
1.861512 0
1.862030 0
1.862444 0
1.863051 0
1.863528 0
1.864090 0
1.864477 0
1.865030 0
1.865507 0
1.866006 0
1.866402 0
1.866946 0
1.867306 0
1.867649 0
1.868009 0
1.868674 0
1.869043 0
1.869623 0
1.870091 0
1.870671 0
1.871130 0
1.871656 0
1.872061 0
1.872569 0
1.872974 0
1.873519 0
1.873960 0
1.874513 0
1.874882 0
1.875480 0
1.875849 0
1.876447 0
1.876897 0
1.877450 0
1.877927 0
1.878498 0
1.878930 0
1.879529 0
1.879889 0
1.880487 0
1.880892 0
1.881454 0
1.881931 0
1.882430 0
1.882880 0
1.883469 0
1.883874 0
1.884427 0
1.884787 0
1.885286 0
1.885701 0
1.886218 0
1.886623 0
1.887140 0
1.887482 0
1.888035 0
1.888422 0
1.888957 0
1.889425 0
1.890014 0
1.890401 0
1.890963 0
1.891441 0
1.891967 0
1.892444 0
1.892988 0
1.893438 0
1.893928 0
1.894378 0
1.894931 0
1.895363 0
1.895853 0
1.896303 0
1.897137 1
1.897479 0
1.898181 0
1.898559 0
1.898928 0
1.899472 0
1.899989 0
1.900448 0
1.900992 0
1.901406 0
1.901959 0
1.902355 0
1.902890 0
1.903278 0
1.903813 0
1.904272 0
1.905305 1
1.905737 0
1.906326 0
1.906677 0
1.907230 0
1.907662 0
1.908233 0
1.908683 0
1.909290 0
1.909750 0
1.910312 0
1.910789 0
1.911342 0
1.911711 0
1.912246 0
1.912678 0
1.913159 0
1.913501 0
1.913991 0
1.914432 0
1.914976 0
1.915427 0
1.915917 0
1.916340 0
1.916938 0
1.917307 0
1.917788 0
1.918193 0
1.918728 0
1.919106 0
1.919941 1
1.920373 0
1.920962 0
1.921422 0
1.921957 0
1.922425 0
1.922996 0
1.923365 0
1.923936 0
1.924278 0
1.924768 0
1.925146 0
1.925533 0
1.926077 0
1.926666 0
1.927144 0
1.927652 0
1.928120 0
1.928619 0
1.929006 0
1.930012 1
1.930489 0
1.931078 0
1.931528 0
1.932009 0
1.932486 0
1.933012 0
1.933364 0
1.933890 0
1.934241 0
1.934758 0
1.935172 0
1.935752 0
1.936130 0
1.936611 0
1.936962 0
1.937515 0
1.937938 0
1.938437 0
1.938861 0
1.939468 0
1.939864 0
1.940408 0
1.940804 0
1.941312 0
1.941780 0
1.942288 0
1.942756 0
1.943237 0
1.943714 0
1.944294 0
1.944717 0
1.945307 0
1.945766 0
1.946461 0
1.946938 0
1.947500 0
1.947869 0
1.948350 0
1.948818 0
1.949761 1
1.950157 0
1.950702 0
1.951044 0
1.951458 0
1.951845 0
1.952546 0
1.953005 0
1.953540 0
1.953936 0
1.954996 1
1.955383 0
1.955927 0
1.956324 0
1.956895 0
1.957255 0
1.957736 0
1.958168 0
1.958757 0
1.959162 0
1.959760 0
1.960192 0
1.960682 0
1.961096 0
1.961676 0
1.962037 0
1.962599 0
1.963049 0
1.963566 0
1.964034 0
1.965049 1
1.965418 0
1.965935 0
1.966331 0
1.966857 0
1.967226 0
1.967806 0
1.968212 0
1.968774 0
1.969179 0
1.969714 0
1.970065 0
1.970582 0
1.970960 0
1.971495 0
1.971900 0
1.972444 0
1.972876 0
1.973411 0
1.973862 0
1.974424 0
1.974847 0
1.975436 0
1.975895 0
1.976376 0
1.976835 0
1.977361 0
1.977829 0
1.978826 1
1.979303 0
1.979847 0
1.980298 0
1.980815 0
1.981175 0
1.981701 0
1.982151 0
1.982722 0
1.983190 0
1.983689 0
1.984157 0
1.984755 0
1.985196 0
1.985677 0
1.986146 0
1.986744 0
1.987104 0
1.987711 0
1.988143 0
1.988642 0
1.989020 0
1.989609 0
1.990041 0
1.990549 0
1.991026 0
1.991588 0
1.991939 0
1.992457 0
1.992853 0
1.993433 0
1.993784 0
1.994373 0
1.994832 0
1.995322 0
1.995790 0
1.996352 0
1.996739 0
1.997238 0
1.997598 0
1.998188 0
1.998629 0
1.999155 0
1.999587 0
2.000113 0
2.000509 0
2.001008 0
2.001476 0
2.002011 0
2.002470 0
2.003023 0
2.003455 0
2.003990 0
2.004450 0
2.004949 0
2.005381 0
2.005871 0
2.006321 0
2.006901 0
2.007333 0
2.007931 0
2.008408 0
2.008961 0
2.009339 0
2.010355 1
2.010724 0
2.011232 0
2.011637 0
2.012217 0
2.012658 0
2.013393 1
2.014000 0
2.014535 0
2.014913 0
2.015484 0
2.015943 0
2.016532 0
2.016902 0
2.017473 0
2.017941 0
2.018548 0
2.019016 0
2.019959 1
2.020400 0
2.020908 0
2.021295 0
2.022066 1
2.022583 0
2.022926 0
2.023506 0
2.024014 0
2.024356 0
2.024846 0
2.025251 0
2.025795 0
2.026164 0
2.027152 1
2.027539 0
2.028047 0
2.028488 0
2.029042 0
2.029447 0
2.030000 0
2.030405 0
2.030976 0
2.031435 0
2.031961 0
2.032366 0
2.032910 0
2.033360 0
2.033886 0
2.034336 0
2.034863 0
2.035205 0
2.035592 0
2.036589 1
2.036949 0
2.037291 0
2.038019 0
2.038451 0
2.039058 0
2.039454 0
2.040025 0
2.040404 0
2.040921 0
2.041272 0
2.041870 0
2.042221 0
2.042801 0
2.043161 0
2.043696 0
2.044056 0
2.044654 0
2.045005 0
2.045594 0
2.045982 0
2.046535 0
2.046976 0
2.047529 0
2.047997 0
2.048629 0
2.049016 0
2.049394 0
2.049745 0
2.050525 1
2.051253 0
2.051762 0
2.052140 0
2.052738 0
2.053107 0
2.053642 0
2.054011 0
2.054555 0
2.054942 0
2.055495 0
2.055891 0
2.056417 0
2.056804 0
2.057385 0
2.057817 0
2.058397 0
2.058739 0
2.059238 0
2.059715 0
2.060603 1
2.061600 1
2.061951 0
2.062311 0
2.062985 0
2.063400 0
2.063989 0
2.064331 0
2.064812 0
2.065163 0
2.065761 0
2.066220 0
2.067136 1
2.067613 0
2.068148 0
2.068607 0
2.069452 1
2.069839 0
2.070320 0
2.070662 0
2.071013 0
2.071382 0
2.071935 0
2.072340 0
2.072727 0
2.073953 1
2.074462 0
2.074921 0
2.076035 1
2.076512 0
2.077002 0
2.077461 0
2.077960 0
2.078329 0
2.078707 0
2.079058 0
2.079778 0
2.080219 0
2.080781 0
2.081177 0
2.081721 0
2.082072 0
2.082423 0
2.082994 0
2.083511 0
2.083961 0
2.084469 0
2.084910 0
2.085508 0
2.085986 0
2.086557 0
2.087016 0
2.087623 0
2.087974 0
2.088482 0
2.088932 0
2.089503 0
2.089953 0
2.090542 0
2.090911 0
2.091419 0
2.091771 0
2.092351 0
2.092747 0
2.093255 0
2.093678 0
2.094186 0
2.094564 0
2.095144 0
2.095621 0
2.096111 0
2.096561 0
2.097150 0
2.097609 0
2.098136 0
2.098550 0
2.099085 0
2.099508 0
2.100106 0
2.100538 0
2.101055 0
2.101514 0
2.102112 0
2.102473 0
2.102972 0
2.103404 0
2.103921 0
2.104326 0
2.104915 0
2.105392 0
2.105891 0
2.106323 0
2.106931 0
2.107282 0
2.107835 0
2.108312 0
2.108919 0
2.109306 0
2.109904 0
2.110300 0
2.110800 0
2.111268 0
2.111812 0
2.112244 0
2.112725 0
2.113148 0
2.113746 0
2.114151 0
2.114714 0
2.115056 0
2.115618 0
2.116059 0
2.116549 0
2.117026 0
2.117633 0
2.117975 0
2.118546 0
2.118979 0
2.119541 0
2.119946 0
2.120517 0
2.120976 0
2.121565 0
2.122024 0
2.122604 0
2.122983 0
2.123527 0
2.123950 0
2.124449 0
2.124818 0
2.125371 0
2.125713 0
2.126266 0
2.126680 0
2.127288 0
2.127765 0
2.128363 0
2.128759 0
2.129276 0
2.129699 0
2.130759 1
2.131192 0
2.131927 1
2.132516 0
2.133096 0
2.133501 0
2.134036 0
2.134495 0
2.135021 0
2.135400 0
2.135751 0
2.136358 0
2.136893 0
2.137307 0
2.137842 0
2.138202 0
2.138562 0
2.139070 0
2.139615 0
2.140092 0
2.140672 0
2.141095 0
2.141594 0
2.141990 0
2.142350 0
2.142948 0
2.143484 0
2.143880 0
2.144379 0
2.144775 0
2.145373 0
2.145823 0
2.146358 0
2.146718 0
2.147308 0
2.147659 0
2.148185 0
2.148554 0
2.149116 0
2.149458 0
2.150419 1
2.150967 0
2.151520 0
2.151916 0
2.152442 0
2.152901 0
2.153436 0
2.153850 0
2.154412 0
2.154799 0
2.155317 0
2.155677 0
2.156158 0
2.156617 0
2.157206 0
2.157548 0
2.158074 0
2.158551 0
2.159087 0
2.159537 0
2.160117 0
2.160567 0
2.161156 0
2.161516 0
2.162024 0
2.162456 0
2.163063 0
2.163451 0
2.163968 0
2.164319 0
2.164881 0
2.165349 0
2.165938 0
2.166379 0
2.166914 0
2.167275 0
2.167801 0
2.168215 0
2.168741 0
2.169101 0
2.169690 0
2.170104 0
2.170666 0
2.171117 0
2.171607 0
2.172039 0
2.172556 0
2.172952 0
2.173550 0
2.173928 0
2.174445 0
2.174841 0
2.175386 0
2.175728 0
2.176097 0
2.176704 0
2.177221 0
2.177689 0
2.178188 0
2.178575 0
2.179111 0
2.179543 0
2.180096 0
2.180492 0
2.180982 0
2.181369 0
2.181958 0
2.182381 0
2.182989 0
2.183439 0
2.184028 0
2.184478 0
2.185040 0
2.185463 0
2.185971 0
2.186430 0
2.187038 0
2.187515 0
2.188050 0
2.188410 0
2.188761 0
2.189314 0
2.189885 0
2.190326 0
2.190843 0
2.191303 0
2.191865 0
2.192324 0
2.192841 0
2.193246 0
2.193736 0
2.194150 0
2.194631 0
2.195073 0
2.195608 0
2.196040 0
2.196647 0
2.196998 0
2.197569 0
2.198037 0
2.198527 0
2.198914 0
2.199876 1
2.200281 0
2.200879 0
2.201275 0
2.201864 0
2.202287 0
2.202858 0
2.203219 0
2.203718 0
2.204114 0
2.204649 0
2.205108 0
2.205861 1
2.206450 0
2.207039 0
2.207463 0
2.208052 0
2.208502 0
2.209109 0
2.209568 0
2.210166 0
2.210616 0
2.211622 1
2.212055 0
2.212545 0
2.212887 0
2.213310 0
2.213890 0
2.214479 0
2.214884 0
2.215392 0
2.215762 0
2.216149 0
2.217128 1
2.217645 0
2.218005 0
2.218495 0
2.218864 0
2.219216 0
2.219751 0
2.220259 0
2.220709 0
2.221289 0
2.221703 0
2.222283 0
2.222724 0
2.223250 0
2.223620 0
2.224227 0
2.224668 0
2.225185 0
2.225563 0
2.226298 1
2.226878 0
2.227265 0
2.227873 0
2.228444 0
2.228903 0
2.229429 0
2.229879 0
2.230441 0
2.230900 0
2.231462 0
2.231823 0
2.232874 1
2.233288 0
2.234384 1
2.234780 0
2.235378 0
2.235793 0
2.236292 0
2.236679 0
2.237259 0
2.237619 0
2.238127 0
2.238496 0
2.239076 0
2.239472 0
2.239963 0
2.240341 0
2.240921 0
2.241290 0
2.241668 0
2.242266 0
2.242756 0
2.243188 0
2.243679 0
2.244138 0
2.244682 0
2.245078 0
2.245604 0
2.245973 0
2.246898 1
2.247339 0
2.247848 0
2.248235 0
2.248824 0
2.249247 0
2.249737 0
2.250187 0
2.250785 0
2.251235 0
2.251843 0
2.252311 0
2.252873 0
2.253348 0
2.253955 0
2.254378 0
2.254958 0
2.255399 0
2.255980 0
2.256358 0
2.256902 0
2.257262 0
2.257788 0
2.258148 0
2.258629 0
2.259097 0
2.259606 0
2.259993 0
2.260591 0
2.260942 0
2.261486 0
2.261954 0
2.262435 0
2.262894 0
2.263420 0
2.263880 0
2.264397 0
2.264748 0
2.265283 0
2.265688 0
2.266286 0
2.266646 0
2.267190 0
2.267587 0
2.268104 0
2.268482 0
2.269515 1
2.269992 0
2.270518 0
2.270977 0
2.271495 0
2.271936 0
2.272534 0
2.272984 0
2.273537 0
2.273951 0
2.274441 0
2.274810 0
2.275170 0
2.275697 0
2.276120 0
2.276646 0
2.277199 0
2.277649 0
2.278130 0
2.278598 0
2.279187 0
2.279638 0
2.280119 0
2.280515 0
2.281050 0
2.281419 0
2.282026 0
2.282377 0
2.282984 0
2.283434 0
2.284033 0
2.284429 0
2.284982 0
2.285396 0
2.286003 0
2.286381 0
2.286934 0
2.287393 0
2.287929 0
2.288271 0
2.288631 0
2.289229 0
2.289737 0
2.290187 0
2.290686 0
2.291037 0
2.291546 0
2.291924 0
2.292477 0
2.292855 0
2.293435 0
2.293795 0
2.294321 0
2.294708 0
2.295244 0
2.295631 0
2.296211 0
2.296562 0
2.297133 0
2.297610 0
2.298136 0
2.298550 0
2.299620 1
2.299971 0
2.300569 0
2.300983 0
2.301464 0
2.301815 0
2.302184 0
2.302773 0
2.303372 0
2.303714 0
2.304195 0
2.304573 0
2.305099 0
2.305558 0
2.306066 0
2.306516 0
2.307114 0
2.307466 0
2.307974 0
2.308334 0
2.309132 1
2.309501 0
2.310220 0
2.310634 0
2.311134 0
2.311494 0
2.312038 0
2.312434 0
2.312987 0
2.313392 0
2.313873 0
2.314233 0
2.314666 0
2.315237 0
2.315844 0
2.316321 0
2.317137 1
2.317699 0
2.318288 0
2.318693 0
2.319219 0
2.319625 0
2.320187 0
2.320601 0
2.321145 0
2.321496 0
2.322475 1
2.322835 0
2.323544 1
2.323949 0
2.324686 0
2.325109 0
2.325617 0
2.325986 0
2.326548 0
2.326954 0
2.327435 0
2.327813 0
2.328375 0
2.328834 0
2.329387 0
2.329747 0
2.330098 0
2.330706 0
2.331277 0
2.331700 0
2.332217 0
2.332577 0
2.332946 0
2.333499 0
2.333998 0
2.334340 0
2.334912 0
2.335281 0
2.335807 0
2.336158 0
2.337065 1
2.337542 0
2.338068 0
2.338465 0
2.339036 0
2.339513 0
2.340120 0
2.340498 0
2.340979 0
2.341384 0
2.341982 0
2.342370 0
2.342923 0
2.343346 0
2.343836 0
2.344304 0
2.344866 0
2.345325 0
2.345905 0
2.346292 0
2.346891 0
2.347305 0
2.347876 0
2.348281 0
2.348843 0
2.349293 0
2.349882 0
2.350350 0
2.350886 0
2.351291 0
2.351826 0
2.352177 0
2.352730 0
2.353153 0
2.353634 0
2.354003 0
2.354611 0
2.355025 0
2.356203 1
2.356545 0
2.357035 0
2.357422 0
2.357993 0
2.358443 0
2.359042 0
2.359483 0
2.360054 0
2.360423 0
2.361003 0
2.361372 0
2.361979 0
2.362348 0
2.362938 0
2.363307 0
2.363797 0
2.364211 0
2.364800 0
2.365196 0
2.365749 0
2.366091 0
2.366690 0
2.367050 0
2.367621 0
2.367999 0
2.368516 0
2.368867 0
2.369366 0
2.369708 0
2.370315 0
2.370730 0
2.371283 0
2.371634 0
2.372142 0
2.372484 0
2.372983 0
2.373370 0
2.374431 1
2.374782 0
2.375344 0
2.375695 0
2.376275 0
2.376653 0
2.377242 0
2.377638 0
2.378245 0
2.378624 0
2.379105 0
2.379492 0
2.379834 0
2.380396 0
2.381003 0
2.381363 0
2.381880 0
2.382259 0
2.382749 0
2.383172 0
2.383725 0
2.384202 0
2.384701 0
2.385151 0
2.385677 0
2.386074 0
2.386681 0
2.387149 0
2.387720 0
2.388089 0
2.388687 0
2.389047 0
2.389609 0
2.389978 0
2.390496 0
2.390901 0
2.391463 0
2.391886 0
2.392412 0
2.392754 0
2.393289 0
2.393658 0
2.394194 0
2.394653 0
2.395197 0
2.395674 0
2.396209 0
2.396623 0
2.397194 0
2.397554 0
2.398099 0
2.398522 0
2.399012 0
2.399390 0
2.399741 0
2.400303 0
2.400856 0
2.401207 0
2.401769 0
2.402229 0
2.402818 0
2.403223 0
2.403740 0
2.404118 0
2.404478 0
2.405058 0
2.405548 0
2.406026 0
2.406606 0
2.407065 0
2.407618 0
2.408032 0
2.408612 0
2.409044 0
2.409588 0
2.409949 0
2.410547 0
2.410961 0
2.411469 0
2.411937 0
2.412799 1
2.413213 0
2.413811 0
2.414199 0
2.414806 0
2.415166 0
2.415656 0
2.416124 0
2.416605 0
2.416965 0
2.417455 0
2.417924 0
2.418459 0
2.418801 0
2.419345 0
2.419822 0
2.420891 1
2.421305 0
2.421814 0
2.422165 0
2.422754 0
2.423222 0
2.423766 0
2.424189 0
2.424733 0
2.425156 0
2.425727 0
2.426088 0
2.426650 0
2.427037 0
2.427581 0
2.427950 0
2.428512 0
2.428908 0
2.429461 0
2.429813 0
2.430155 0
2.430699 0
2.431207 0
2.431630 0
2.432165 0
2.432570 0
2.433078 0
2.433538 0
2.434028 0
2.434451 0
2.434968 0
2.435436 0
2.436043 0
2.436457 0
2.437028 0
2.437505 0
2.438077 0
2.438491 0
2.439098 0
2.439539 0
2.440119 0
2.440533 0
2.441068 0
2.441491 0
2.442489 1
2.442912 0
2.443492 0
2.443879 0
2.444486 0
2.444837 0
2.445372 0
2.445805 0
2.446286 0
2.446754 0
2.447298 0
2.447721 0
2.448301 0
2.448661 0
2.449160 0
2.449584 0
2.450074 0
2.450416 0
2.450758 0
2.451145 0
2.451680 0
2.452242 0
2.453203 1
2.453645 0
2.454234 0
2.454702 0
2.455291 0
2.455768 0
2.456375 0
2.456780 0
2.457297 0
2.457766 0
2.458470 0
2.458938 0
2.459446 0
2.459869 0
2.460458 0
2.460845 0
2.461390 0
2.461786 0
2.462321 0
2.462681 0
2.463198 0
2.463585 0
2.464120 0
2.464462 0
2.465060 0
2.465493 0
2.466073 0
2.466433 0
2.467022 0
2.467427 0
2.468034 0
2.468412 0
2.469165 1
2.469517 0
2.470016 0
2.470430 0
2.470781 0
2.471132 0
2.471703 0
2.472045 0
2.472774 0
2.473327 0
2.473844 0
2.474204 0
2.474555 0
2.474915 0
2.475607 0
2.476039 0
2.476602 0
2.477007 0
2.477614 0
2.478037 0
2.478599 0
2.478968 0
2.479503 0
2.479953 0
2.481005 1
2.481365 0
2.481707 0
2.482314 0
2.482674 0
2.483536 1
2.483923 0
2.484513 0
2.485057 0
2.485435 0
2.486033 0
2.486420 0
2.486919 0
2.487396 0
2.487931 0
2.488391 0
2.488980 0
2.489340 0
2.489920 0
2.490370 0
2.490869 0
2.491328 0
2.491827 0
2.492305 0
2.492858 0
2.493245 0
2.493735 0
2.494203 0
2.494711 0
2.495170 0
2.495678 0
2.496056 0
2.496601 0
2.497042 0
2.497967 1
2.498363 0
2.498961 0
2.499339 0
2.499838 0
2.500280 0
2.500797 0
2.501265 0
2.501791 0
2.502178 0
2.502722 0
2.503172 0
2.503671 0
2.504032 0
2.504567 0
2.504954 0
2.505507 0
2.505930 0
2.506474 0
2.506942 0
2.507441 0
2.507874 0
2.508418 0
2.508814 0
2.509394 0
2.509862 0
2.510379 0
2.510775 0
2.511328 0
2.511706 0
2.512260 0
2.512683 0
2.513590 1
2.513950 0
2.514449 0
2.514827 0
2.515362 0
2.515840 0
2.516402 0
2.516834 0
2.517378 0
2.517801 0
2.518309 0
2.518723 0
2.519249 0
2.519646 0
2.520136 0
2.520604 0
2.521211 0
2.521607 0
2.522115 0
2.522529 0
2.523055 0
2.523460 0
2.524023 0
2.524428 0
2.524918 0
2.525269 0
2.525831 0
2.526290 0
2.526825 0
2.527275 0
2.527766 0
2.528126 0
2.528540 0
2.529075 0
2.529673 0
2.530132 0
2.530712 0
2.531180 0
2.531751 0
2.532220 0
2.532791 0
2.533142 0
2.533641 0
2.534100 0
2.534581 0
2.535004 0
2.535575 0
2.535945 0
2.536525 0
2.536876 0
2.537602 1
2.538137 0
2.538627 0
2.539095 0
2.539666 0
2.540018 0
2.540625 0
2.541003 0
2.541538 0
2.542006 0
2.542613 0
2.542982 0
2.543535 0
2.543931 0
2.544503 0
2.544962 0
2.545479 0
2.545929 0
2.546491 0
2.546932 0
2.547467 0
2.547881 0
2.548471 0
2.548903 0
2.549501 0
2.549843 0
2.550351 0
2.550738 0
2.551336 0
2.551714 0
2.552322 0
2.552763 0
2.553244 0
2.553658 0
2.554193 0
2.554616 0
2.555142 0
2.555511 0
2.556608 1
2.556977 0
2.557512 0
2.557944 0
2.558443 0
2.558875 0
2.559455 0
2.559896 0
2.560520 0
2.560898 0
2.561487 0
2.561928 0
2.562436 0
2.562796 0
2.563349 0
2.563799 0
2.564317 0
2.564731 0
2.565275 0
2.565707 0
2.566188 0
2.566530 0
2.567101 0
2.567452 0
2.567934 0
2.568357 0
2.568892 0
2.569279 0
2.569859 0
2.570228 0
2.570718 0
2.571123 0
2.571640 0
2.572001 0
2.572908 1
2.573268 0
2.573767 0
2.574181 0
2.574761 0
2.575139 0
2.575747 0
2.576143 0
2.576633 0
2.577056 0
2.577645 0
2.578113 0
2.578675 0
2.579044 0
2.579534 0
2.579922 0
2.580430 0
2.580799 0
2.581379 0
2.581820 0
2.582427 0
2.582841 0
2.583412 0
2.583755 0
2.584299 0
2.584713 0
2.585203 0
2.585590 0
2.586188 0
2.586530 0
2.587047 0
2.587399 0
2.587952 0
2.588357 0
2.588883 0
2.589243 0
2.590231 1
2.590681 0
2.591181 0
2.591541 0
2.591955 0
2.592463 0
2.593070 0
2.593448 0
2.594055 0
2.594415 0
2.594977 0
2.595401 0
2.595963 0
2.596332 0
2.596930 0
2.597353 0
2.597951 0
2.598338 0
2.598846 0
2.599198 0
2.599742 0
2.600138 0
2.600718 0
2.601123 0
2.601694 0
2.602045 0
2.602625 0
2.603003 0
2.603584 0
2.603989 0
2.604506 0
2.604929 0
2.605446 0
2.605842 0
2.606413 0
2.606872 0
2.607381 0
2.607804 0
2.608411 0
2.608816 0
2.609369 0
2.609765 0
2.610372 0
2.610759 0
2.611277 0
2.611673 0
2.612262 0
2.612649 0
2.613193 0
2.613607 0
2.614124 0
2.614583 0
2.615127 0
2.615506 0
2.616041 0
2.616455 0
2.616981 0
2.617422 0
2.617966 0
2.618398 0
2.618942 0
2.619294 0
2.619793 0
2.620189 0
2.620769 0
2.621228 0
2.621808 0
2.622258 0
2.622829 0
2.623307 0
2.623797 0
2.624211 0
2.624746 0
2.625223 0
2.625767 0
2.626199 0
2.626680 0
2.627130 0
2.627648 0
2.628071 0
2.628660 0
2.629083 0
2.629609 0
2.629969 0
2.630513 0
2.630990 0
2.631580 0
2.631922 0
2.632529 0
2.632988 0
2.633505 0
2.633928 0
2.634418 0
2.634778 0
2.635314 0
2.635719 0
2.636263 0
2.636722 0
2.637329 0
2.637797 0
2.638278 0
2.638701 0
2.639282 0
2.639750 0
2.640783 1
2.641242 0
2.641786 0
2.642254 0
2.642744 0
2.643167 0
2.643721 0
2.644099 0
2.644688 0
2.645066 0
2.645646 0
2.646114 0
2.646613 0
2.647081 0
2.647581 0
2.648040 0
2.648629 0
2.649097 0
2.649614 0
2.649965 0
2.650316 0
2.650914 0
2.651458 0
2.651855 0
2.652417 0
2.652840 0
2.653429 0
2.653870 0
2.654423 0
2.654792 0
2.655372 0
2.655787 0
2.656367 0
2.656772 0
2.657379 0
2.657757 0
2.658274 0
2.658724 0
2.659268 0
2.659647 0
2.660236 0
2.660713 0
2.661302 0
2.661707 0
2.662314 0
2.662886 0
2.663847 1
2.664261 0
2.664815 0
2.665292 0
2.665899 0
2.666367 0
2.666911 0
2.667298 0
2.667860 0
2.668319 0
2.668846 0
2.669260 0
2.669831 0
2.670182 0
2.670753 0
2.671203 0
2.671702 0
2.672179 0
2.672715 0
2.673075 0
2.673646 0
2.674105 0
2.674676 0
2.675153 0
2.675706 0
2.676174 0
2.676664 0
2.677106 0
2.677704 0
2.678109 0
2.678617 0
2.679076 0
2.679557 0
2.679971 0
2.680470 0
2.680849 0
2.681357 0
2.681744 0
2.682651 1
2.683065 0
2.683645 0
2.684023 0
2.684550 0
2.684892 0
2.685445 0
2.685805 0
2.686295 0
2.686709 0
2.687289 0
2.687694 0
2.688175 0
2.688572 0
2.689089 0
2.689521 0
2.690355 1
2.690926 0
2.691506 0
2.691983 0
2.692554 0
2.692969 0
2.693468 0
2.693936 0
2.694534 0
2.695002 0
2.695483 0
2.695861 0
2.696203 0
2.696555 0
2.697265 0
2.697706 0
2.698277 0
2.698754 0
2.699307 0
2.699685 0
2.700238 0
2.700599 0
2.701179 0
2.701647 0
2.702245 0
2.702659 0
2.703266 0
2.703734 0
2.704341 0
2.704765 0
2.705336 0
2.705705 0
2.706258 0
2.706663 0
2.707207 0
2.707585 0
2.708120 0
2.708553 0
2.709133 0
2.709556 0
2.710625 1
2.711003 0
2.711502 0
2.711871 0
2.712213 0
2.712821 0
2.713419 0
2.713869 0
2.714413 0
2.714836 0
2.715434 0
2.715785 0
2.716529 1
2.716872 0
2.717241 0
2.717758 0
2.718257 0
2.718617 0
2.719753 1
2.720177 0
2.720667 0
2.721108 0
2.721589 0
2.722048 0
2.722655 0
2.723105 0
2.723667 0
2.724126 0
2.724617 0
2.724959 0
2.725337 0
2.725908 0
2.726259 0
2.726664 0
2.727172 0
2.727734 0
2.728086 0
2.728675 0
2.729156 0
2.729534 0
2.730087 0
2.730501 0
2.731009 0
2.731351 0
2.731941 0
2.732364 0
2.732872 0
2.733232 0
2.734157 1
2.734634 0
2.735169 0
2.735583 0
2.736092 0
2.736506 0
2.737095 0
2.737509 0
2.738008 0
2.738395 0
2.738957 0
2.739335 0
2.739696 0
2.740684 1
2.741044 0
2.741588 0
2.742150 0
2.742609 0
2.743189 0
2.743631 0
2.744157 0
2.744625 0
2.745106 0
2.745556 0
2.746082 0
2.746487 0
2.746986 0
2.747355 0
2.747864 0
2.748251 0
2.748777 0
2.749227 0
2.749762 0
2.750203 0
2.750801 0
2.751242 0
2.751751 0
2.752192 0
2.752763 0
2.753222 0
2.753775 0
2.754189 0
2.754751 0
2.755228 0
2.755746 0
2.756223 0
2.756803 0
2.757271 0
2.757770 0
2.758139 0
2.758683 0
2.759124 0
2.759641 0
2.760074 0
2.760627 0
2.761005 0
2.761486 0
2.761945 0
2.762498 0
2.762912 0
2.763501 0
2.763952 0
2.764559 0
2.764901 0
2.765623 0
2.765983 0
2.766500 0
2.766887 0
2.767239 0
2.767846 0
2.768381 0
2.768732 0
2.769240 0
2.769609 0
2.770144 0
2.770540 0
2.771394 1
2.771772 0
2.772724 1
2.773102 0
2.773646 0
2.773988 0
2.774357 0
2.774956 0
2.775455 0
2.775815 0
2.776404 0
2.776854 0
2.777407 0
2.777857 0
2.778410 0
2.778861 0
2.779387 0
2.779810 0
2.780354 0
2.780786 0
2.781330 0
2.781708 0
2.782306 0
2.782648 0
2.783193 0
2.783634 0
2.784142 0
2.784511 0
2.785616 1
2.785958 0
2.786529 0
2.786908 0
2.787389 0
2.787776 0
2.788302 0
2.788752 0
2.789233 0
2.789692 0
2.790272 0
2.790696 0
2.791231 0
2.791582 0
2.792135 0
2.792585 0
2.793111 0
2.793453 0
2.793979 0
2.794402 0
2.794965 0
2.795361 0
2.795905 0
2.796256 0
2.797063 1
2.797670 0
2.798232 0
2.798637 0
2.799164 0
2.799605 0
2.800176 0
2.800590 0
2.801107 0
2.801530 0
2.802518 1
2.802888 0
2.803477 0
2.803855 0
2.804426 0
2.804768 0
2.805294 0
2.805717 0
2.806297 0
2.806711 0
2.807211 0
2.807589 0
2.808106 0
2.808565 0
2.809154 0
2.809622 0
2.810112 0
2.810481 0
2.811035 0
2.811449 0
2.811975 0
2.812353 0
2.812834 0
2.813257 0
2.813828 0
2.814179 0
2.814522 0
2.815111 0
2.815655 0
2.816105 0
2.816631 0
2.816973 0
2.817553 0
2.817904 0
2.818466 0
2.818944 0
2.819425 0
2.819893 0
2.820437 0
2.820905 0
2.821485 0
2.821953 0
2.822434 0
2.822822 0
2.823411 0
2.823888 0
2.824495 0
2.824972 0
2.825516 0
2.825903 0
2.826465 0
2.826898 0
2.827469 0
2.827820 0
2.828337 0
2.828697 0
2.829304 0
2.829718 0
2.830235 0
2.830694 0
2.831239 0
2.831608 0
2.832188 0
2.832602 0
2.833173 0
2.833614 0
2.834131 0
2.834608 0
2.835180 0
2.835630 0
2.836237 0
2.836705 0
2.837240 0
2.837600 0
2.838180 0
2.838603 0
2.839085 0
2.839490 0
2.840052 0
2.840394 0
2.840754 0
2.841280 0
2.841640 0
2.842211 0
2.842746 0
2.843224 0
2.843777 0
2.844164 0
2.844699 0
2.845167 0
2.845666 0
2.846089 0
2.846642 0
2.847093 0
2.847574 0
2.847961 0
2.849012 1
2.849426 0
2.849952 0
2.850366 0
2.850866 0
2.851244 0
2.851770 0
2.852238 0
2.852836 0
2.853304 0
2.853884 0
2.854289 0
2.854824 0
2.855275 0
2.855873 0
2.856287 0
2.856813 0
2.857164 0
2.857663 0
2.858005 0
2.858594 0
2.859063 0
2.859553 0
2.860021 0
2.860565 0
2.860997 0
2.861505 0
2.861964 0
2.862463 0
2.862887 0
2.863377 0
2.863737 0
2.864097 0
2.864493 0
2.865194 0
2.865536 0
2.866143 0
2.866540 0
2.867129 0
2.867749 0
2.868248 0
2.868644 0
2.869188 0
2.869549 0
2.870120 0
2.870498 0
2.871087 0
2.871528 0
2.872072 0
2.872441 0
2.872976 0
2.873454 0
2.874306 1
2.874877 0
2.875475 0
2.875853 0
2.876361 0
2.876703 0
2.877063 0
2.877671 0
2.878251 0
2.878683 0
2.879236 0
2.879641 0
2.880131 0
2.880491 0
2.881008 0
2.881476 0
2.882057 0
2.882534 0
2.883123 0
2.883573 0
2.884108 0
2.884513 0
2.885102 0
2.885561 0
2.886478 1
2.886874 0
2.887445 0
2.887814 0
2.888358 0
2.888727 0
2.889325 0
2.889794 0
2.890365 0
2.890734 0
2.891578 1
2.892019 0
2.892563 0
2.893013 0
2.893539 0
2.893990 0
2.894552 0
2.894966 0
2.895465 0
2.895852 0
2.896432 0
2.896783 0
2.897300 0
2.897760 0
2.898286 0
2.898700 0
2.899235 0
2.899649 0
2.900166 0
2.900580 0
2.901124 0
2.901512 0
2.902011 0
2.902389 0
2.902960 0
2.903374 0
2.903855 0
2.904287 0
2.904876 0
2.905263 0
2.905817 0
2.906276 0
2.906811 0
2.907234 0
2.907796 0
2.908147 0
2.908655 0
2.909114 0
2.909686 0
2.910064 0
2.910644 0
2.911004 0
2.911575 0
2.911971 0
2.912560 0
2.912938 0
2.913474 0
2.913897 0
2.914378 0
2.914747 0
2.915327 0
2.915795 0
2.916402 0
2.916852 0
2.917333 0
2.917676 0
2.918027 0
2.918396 0
2.919097 0
2.919529 0
2.920037 0
2.920397 0
2.920924 0
2.921401 0
2.922008 0
2.922413 0
2.922894 0
2.923335 0
2.923915 0
2.924320 0
2.924883 0
2.925261 0
2.925760 0
2.926228 0
2.926754 0
2.927177 0
2.927721 0
2.928081 0
2.928643 0
2.929049 0
2.929566 0
2.929908 0
2.930313 0
2.931391 1
2.931971 0
2.932403 0
2.932921 0
2.933353 0
2.933834 0
2.934185 0
2.934729 0
2.935197 0
2.935759 0
2.936173 0
2.936655 0
2.937006 0
2.937357 0
2.937708 0
2.938050 0
2.938648 0
2.939304 0
2.939781 0
2.940335 0
2.940686 0
2.941266 0
2.941608 0
2.942587 1
2.943001 0
2.943599 0
2.944050 0
2.944540 0
2.944990 0
2.945588 0
2.946011 0
2.946555 0
2.946978 0
2.947585 0
2.948018 0
2.948535 0
2.948886 0
2.949421 0
2.949781 0
2.950352 0
2.950757 0
2.951790 1
2.952241 0
2.952758 0
2.953127 0
2.953469 0
2.954076 0
2.954656 0
2.954998 0
2.955560 0
2.955903 0
2.956384 0
2.956762 0
2.957297 0
2.957675 0
2.958228 0
2.958660 0
2.959168 0
2.959592 0
2.960145 0
2.960622 0
2.961130 0
2.961607 0
2.962169 0
2.962646 0
2.963481 1
2.963878 0
2.964467 0
2.964917 0
2.965407 0
2.965875 0
2.966953 1
2.967412 0
2.967957 0
2.968389 0
2.968879 0
2.969221 0
2.969729 0
2.970213 0
2.970820 0
2.971288 0
2.971824 0
2.972247 0
2.972791 0
2.973151 0
2.973650 0
2.974082 0
2.974626 0
2.975094 0
2.975629 0
2.975972 0
2.976341 0
2.976692 0
2.977200 0
2.978052 1
2.978780 0
2.979221 0
2.979739 0
2.980207 0
2.980814 0
2.981201 0
2.981763 0
2.982168 0
2.982685 0
2.983153 0
2.983725 0
2.984139 0
2.984620 0
2.985070 0
2.985668 0
2.986064 0
2.986563 0
2.986941 0
2.987512 0
2.987927 0
2.988489 0
2.988930 0
2.989501 0
2.989978 0
2.990722 1
2.991248 0
2.991837 0
2.992252 0
2.992832 0
2.993309 0
2.993907 0
2.994375 0
2.995173 1
2.996359 1
2.996958 0
2.997309 0
2.997871 0
2.998285 0
2.998874 0
2.999243 0
2.999823 0
3.000228 0
3.000709 0
3.001070 0
3.001659 0
3.002127 0
3.002644 0
3.003040 0
3.003557 0
3.004016 0
3.004578 0
3.005038 0
3.005573 0
3.006014 0
3.007110 1
3.007551 0
3.008131 0
3.008500 0
3.009009 0
3.009360 0
3.009922 0
3.010300 0
3.010714 0
3.011267 0
3.011766 0
3.012180 0
3.012661 0
3.013013 0
3.013373 0
3.013742 0
3.014380 0
3.014857 0
3.015655 1
3.016042 0
3.016421 0
3.016772 0
3.017271 0
3.017703 0
3.018507 0
3.018912 0
3.019439 0
3.019781 0
3.020141 0
3.020730 0
3.021283 0
3.021724 0
3.022295 0
3.022745 0
3.023271 0
3.023695 0
3.024239 0
3.024635 0
3.025242 0
3.025665 0
3.026761 1
3.027103 0
3.027648 0
3.027990 0
3.028516 0
3.028939 0
3.029474 0
3.029897 0
3.030423 0
3.030873 0
3.031463 0
3.031841 0
3.032349 0
3.032691 0
3.033271 0
3.033748 0
3.034229 0
3.034661 0
3.035187 0
3.035530 0
3.036083 0
3.036425 0
3.037032 0
3.037446 0
3.038344 1
3.038812 0
3.039602 1
3.040137 0
3.040690 0
3.041068 0
3.041603 0
3.042071 0
3.042570 0
3.043029 0
3.043601 0
3.044006 0
3.044604 0
3.045036 0
3.045616 0
3.046084 0
3.046664 0
3.047024 0
3.047577 0
3.048010 0
3.048500 0
3.048914 0
3.049440 0
3.049881 0
3.050416 0
3.050866 0
3.051446 0
3.051906 0
3.052414 0
3.052882 0
3.053381 0
3.053777 0
3.054303 0
3.054708 0
3.055297 0
3.055721 0
3.056220 0
3.056616 0
3.057324 1
3.057729 0
3.058300 0
3.058880 0
3.059258 0
3.059856 0
3.060455 0
3.060851 0
3.061449 0
3.061791 0
3.062389 0
3.062866 0
3.063455 0
3.063914 0
3.064459 0
3.064810 0
3.065345 0
3.065705 0
3.066276 0
3.066627 0
3.067669 1
3.068138 0
3.068709 0
3.069159 0
3.069694 0
3.070036 0
3.070562 0
3.071012 0
3.071601 0
3.071979 0
3.072657 0
3.073071 0
3.073660 0
3.074128 0
3.074672 0
3.075149 0
3.075747 0
3.076144 0
3.076625 0
3.077093 0
3.077637 0
3.078114 0
3.078631 0
3.079009 0
3.079499 0
3.079977 0
3.080494 0
3.080836 0
3.081425 0
3.081857 0
3.082419 0
3.082824 0
3.083431 0
3.083881 0
3.084408 0
3.084831 0
3.085375 0
3.085762 0
3.086360 0
3.086729 0
3.087455 1
3.087797 0
3.088140 0
3.088563 0
3.088905 0
3.089476 0
3.089845 0
3.090649 0
3.091430 1
3.092028 0
3.092635 0
3.092977 0
3.093512 0
3.093863 0
3.094425 0
3.094767 0
3.095338 0
3.095744 0
3.096333 0
3.096711 0
3.097282 0
3.097732 0
3.098213 0
3.098591 0
3.099072 0
3.099514 0
3.100004 0
3.100472 0
3.101016 0
3.101367 0
3.101857 0
3.102334 0
3.102915 0
3.103275 0
3.103774 0
3.104152 0
3.104759 0
3.105155 0
3.105763 0
3.106114 0
3.106649 0
3.107126 0
3.107607 0
3.107949 0
3.108512 0
3.108917 0
3.109524 0
3.109884 0
3.110419 0
3.110896 0
3.111477 0
3.111936 0
3.112417 0
3.112777 0
3.113312 0
3.113681 0
3.114279 0
3.114739 0
3.115220 0
3.115661 0
3.116241 0
3.116718 0
3.117208 0
3.117596 0
3.118167 0
3.118644 0
3.119251 0
3.119611 0
3.120128 0
3.120570 0
3.121069 0
3.121465 0
3.122236 1
3.122834 0
3.123351 0
3.123811 0
3.124292 0
3.124670 0
3.125223 0
3.125619 0
3.126217 0
3.126559 0
3.127077 0
3.127419 0
3.127797 0
3.128166 0
3.129054 1
3.129625 0
3.130744 1
3.131212 0
3.131783 0
3.132242 0
3.132742 0
3.133093 0
3.133574 0
3.134015 0
3.134559 0
3.134964 0
3.135446 0
3.135887 0
3.136494 0
3.136881 0
3.137398 0
3.137848 0
3.138383 0
3.138771 0
3.139333 0
3.139810 0
3.140390 0
3.140732 0
3.141321 0
3.141682 0
3.142199 0
3.142640 0
3.143238 0
3.143670 0
3.144205 0
3.144566 0
3.145110 0
3.145452 0
3.146023 0
3.146374 0
3.146725 0
3.147086 0
3.147778 0
3.148210 0
3.148763 0
3.149240 0
3.149730 0
3.150154 0
3.150716 0
3.151103 0
3.152217 1
3.152622 0
3.153194 0
3.153590 0
3.154089 0
3.154458 0
3.154845 0
3.155398 0
3.155759 0
3.156357 0
3.156919 0
3.157297 0
3.158195 1
3.158673 0
3.159208 0
3.159586 0
3.160076 0
3.160481 0
3.160998 0
3.161358 0
3.161939 0
3.162398 0
3.162897 0
3.163266 0
3.163747 0
3.164179 0
3.164661 0
3.165120 0
3.165682 0
3.166087 0
3.166676 0
3.167036 0
3.167554 0
3.167914 0
3.168413 0
3.168755 0
3.169335 0
3.169812 0
3.170711 1
3.171170 0
3.171732 0
3.172101 0
3.172645 0
3.172996 0
3.173550 0
3.173901 0
3.174418 0
3.174965 0
3.175455 0
3.175914 0
3.176468 0
3.176873 0
3.177462 0
3.177840 0
3.178366 0
3.178708 0
3.179244 0
3.179667 0
3.180247 0
3.180661 0
3.181223 0
3.181583 0
3.182092 0
3.182470 0
3.182996 0
3.183347 0
3.183891 0
3.184323 0
3.184849 0
3.185192 0
3.185691 0
3.186114 0
3.186604 0
3.187045 0
3.187607 0
3.188049 0
3.188620 0
3.189097 0
3.189677 0
3.190073 0
3.190626 0
3.190987 0
3.192020 1
3.192443 0
3.192924 0
3.193293 0
3.193838 0
3.194243 0
3.194769 0
3.195120 0
3.195664 0
3.196096 0
3.196694 0
3.197046 0
3.197608 0
3.198022 0
3.198566 0
3.198917 0
3.199452 0
3.199804 0
3.200402 0
3.200879 0
3.201477 0
3.201918 0
3.202462 0
3.202886 0
3.203421 0
3.203889 0
3.204433 0
3.204775 0
3.205310 0
3.205680 0
3.206233 0
3.206620 0
3.207455 1
3.207806 0
3.208386 0
3.208765 0
3.209345 0
3.209714 0
3.210222 0
3.210591 0
3.210933 0
3.211523 0
3.212004 0
3.212400 0
3.212971 0
3.213367 0
3.213866 0
3.214308 0
3.215368 1
3.215773 0
3.216272 0
3.216686 0
3.217294 0
3.217771 0
3.218252 0
3.218612 0
3.219192 0
3.219633 0
3.220141 0
3.220592 0
3.221172 0
3.221523 0
3.222058 0
3.222409 0
3.222760 0
3.223359 0
3.223894 0
3.224335 0
3.224906 0
3.225311 0
3.225864 0
3.226324 0
3.226895 0
3.227354 0
3.227862 0
3.228294 0
3.228874 0
3.229235 0
3.229779 0
3.230247 0
3.230800 0
3.231187 0
3.231668 0
3.232082 0
3.232564 0
3.233032 0
3.233513 0
3.233918 0
3.234399 0
3.234867 0
3.235385 0
3.235772 0
3.236271 0
3.236694 0
3.237211 0
3.237571 0
3.238062 0
3.238467 0
3.239047 0
3.239479 0
3.240050 0
3.240446 0
3.241027 0
3.241477 0
3.241976 0
3.242354 0
3.242934 0
3.243393 0
3.243964 0
3.244316 0
3.244842 0
3.245283 0
3.245818 0
3.246250 0
3.247230 1
3.247635 0
3.248731 1
3.249127 0
3.249653 0
3.249996 0
3.250347 0
3.250918 0
3.251260 0
3.251831 0
3.252173 0
3.252745 0
3.253271 0
3.253631 0
3.254193 0
3.254661 0
3.255160 0
3.255592 0
3.256128 0
3.256506 0
3.257104 0
3.257509 0
3.258017 0
3.258458 0
3.259221 1
3.259801 0
3.260381 0
3.260759 0
3.261348 0
3.261699 0
3.262190 0
3.262595 0
3.263076 0
3.263427 0
3.263841 0
3.264403 0
3.264894 0
3.265308 0
3.265888 0
3.266266 0
3.266783 0
3.267197 0
3.267696 0
3.268138 0
3.268673 0
3.269078 0
3.269559 0
3.269982 0
3.270472 0
3.270896 0
3.271485 0
3.271845 0
3.272362 0
3.272812 0
3.273329 0
3.273807 0
3.274387 0
3.274855 0
3.275462 0
3.275804 0
3.276330 0
3.276763 0
3.277458 0
3.277827 0
3.278416 0
3.278758 0
3.279329 0
3.279671 0
3.280162 0
3.280549 0
3.281129 0
3.281606 0
3.282150 0
3.282528 0
3.283118 0
3.283469 0
3.283968 0
3.284418 0
3.284980 0
3.285439 0
3.285966 0
3.286362 0
3.286713 0
3.287320 0
3.287873 0
3.288233 0
3.288796 0
3.289246 0
3.289781 0
3.290222 0
3.290811 0
3.291180 0
3.291778 0
3.292247 0
3.292746 0
3.293196 0
3.293776 0
3.294127 0
3.294734 0
3.295194 0
3.295738 0
3.296152 0
3.296732 0
3.297101 0
3.297591 0
3.298033 0
3.298541 0
3.298892 0
3.299445 0
3.299922 0
3.300475 0
3.300863 0
3.301362 0
3.301758 0
3.302365 0
3.302716 0
3.303323 0
3.303800 0
3.304291 0
3.304723 0
3.305231 0
3.305582 0
3.306117 0
3.306576 0
3.307112 0
3.307481 0
3.308360 1
3.308967 0
3.309457 0
3.309898 0
3.310470 0
3.310812 0
3.311410 0
3.311761 0
3.312278 0
3.312701 0
3.313219 0
3.313642 0
3.314150 0
3.314501 0
3.314843 0
3.315203 0
3.315783 0
3.316382 0
3.316872 0
3.317241 0
3.317758 0
3.318208 0
3.318689 0
3.319158 0
3.319765 0
3.320107 0
3.320687 0
3.321164 0
3.321654 0
3.322096 0
3.322438 0
3.322946 0
3.323306 0
3.323913 0
3.324466 0
3.324926 0
3.325506 0
3.325866 0
3.326401 0
3.326770 0
3.327296 0
3.327701 0
3.328309 0
3.328786 0
3.329312 0
3.329654 0
3.330041 0
3.330567 0
3.330973 0
3.331517 0
3.332061 0
3.332466 0
3.333010 0
3.333406 0
3.333915 0
3.334329 0
3.334918 0
3.335305 0
3.335831 0
3.336299 0
3.337044 1
3.337413 0
3.337782 0
3.338160 0
3.338713 0
3.339293 0
3.341149 2
3.341581 0
3.342179 0
3.342539 0
3.343074 0
3.343480 0
3.344197 1
3.344602 0
3.345007 0
3.345560 0
3.346122 0
3.346483 0
3.347166 0
3.347607 0
3.348187 0
3.348529 0
3.349137 0
3.349497 0
3.350086 0
3.350518 0
3.351080 0
3.351503 0
3.351984 0
3.352462 0
3.353042 0
3.353402 0
3.353973 0
3.354324 0
3.354868 0
3.355274 0
3.355836 0
3.356250 0
3.356839 0
3.357253 0
3.357806 0
3.358176 0
3.358711 0
3.359152 0
3.359651 0
3.360020 0
3.360564 0
3.360970 0
3.361451 0
3.361928 0
3.362481 0
3.362922 0
3.363448 0
3.363916 0
3.364497 0
3.364956 0
3.365518 0
3.365968 0
3.366449 0
3.366890 0
3.367852 1
3.368311 0
3.368819 0
3.369242 0
3.370285 1
3.370753 0
3.371360 0
3.371783 0
3.372345 0
3.372732 0
3.373214 0
3.373583 0
3.373934 0
3.374442 0
3.374959 0
3.375328 0
3.375854 0
3.376287 0
3.376804 0
3.377191 0
3.377771 0
3.378131 0
3.378738 0
3.379135 0
3.379749 0
3.380109 0
3.380590 0
3.380977 0
3.381548 0
3.381945 0
3.382426 0
3.382840 0
3.383945 1
3.384287 0
3.384841 0
3.385192 0
3.385673 0
3.386042 0
3.386384 0
3.387336 1
3.387908 0
3.388376 0
3.388857 0
3.389253 0
3.389788 0
3.390247 0
3.390801 0
3.391143 0
3.391705 0
3.392083 0
3.392663 0
3.393041 0
3.393613 0
3.394063 0
3.394670 0
3.395066 0
3.395619 0
3.395997 0
3.396587 0
3.397001 0
3.397491 0
3.397950 0
3.398431 0
3.398881 0
3.399425 0
3.399867 0
3.400348 0
3.400735 0
3.401225 0
3.401702 0
3.402210 0
3.402661 0
3.403142 0
3.403502 0
3.404064 0
3.404460 0
3.405022 0
3.405482 0
3.406008 0
3.406458 0
3.407056 0
3.407425 0
3.407915 0
3.408294 0
3.408847 0
3.409288 0
3.409886 0
3.410264 0
3.410871 0
3.411339 0
3.411920 0
3.412289 0
3.412878 0
3.413319 0
3.413845 0
3.414223 0
3.414759 0
3.415236 0
3.415980 1
3.416859 1
3.417336 0
3.417813 0
3.418639 1
3.419107 0
3.419557 0
3.419917 0
3.420277 0
3.420682 0
3.421124 0
3.421592 0
3.422060 0
3.422447 0
3.422798 0
3.423149 0
3.423833 0
3.424561 0
3.425332 1
3.425710 0
3.426133 0
3.426669 0
3.427231 0
3.427582 0
3.427933 0
3.428459 0
3.428846 0
3.430073 1
3.430922 0
3.431772 0
3.432298 0
3.432721 0
3.433265 0
3.433607 0
3.434388 1
3.434968 0
3.435512 0
3.435962 0
3.436470 0
3.436947 0
3.437528 0
3.437906 0
3.438450 0
3.438828 0
3.439426 0
3.439849 0
3.440331 0
3.440709 0
3.441051 0
3.441631 0
3.442220 0
3.442580 0
3.443071 0
3.443485 0
3.443984 0
3.444434 0
3.444969 0
3.445446 0
3.445981 0
3.446450 0
3.447021 0
3.447372 0
3.447961 0
3.448438 0
3.448982 0
3.449415 0
3.449968 0
3.450436 0
3.450944 0
3.451295 0
3.451902 0
3.452344 0
3.452942 0
3.453284 0
3.453792 0
3.454269 0
3.454849 0
3.455282 0
3.455790 0
3.456231 0
3.456820 0
3.457243 0
3.457769 0
3.458138 0
3.458629 0
3.459034 0
3.459533 0
3.459983 0
3.460482 0
3.460887 0
3.461441 0
3.461819 0
3.462372 0
3.462768 0
3.463774 1
3.464189 0
3.464760 0
3.465603 1
3.466192 0
3.466606 0
3.467204 0
3.467655 0
3.468163 0
3.468586 0
3.469166 0
3.469643 0
3.470214 0
3.470646 0
3.471146 0
3.471614 0
3.472167 0
3.472608 0
3.473134 0
3.473503 0
3.474030 0
3.474372 0
3.474714 0
3.475101 0
3.475645 0
3.476234 0
3.476716 0
3.477157 0
3.477638 0
3.477980 0
3.478560 0
3.478902 0
3.479411 0
3.479888 0
3.480414 0
3.480765 0
3.481363 0
3.481759 0
3.482410 0
3.482806 0
3.483350 0
3.483782 0
3.484380 0
3.484722 0
3.485330 0
3.485798 0
3.486315 0
3.486702 0
3.487255 0
3.487696 0
3.488286 0
3.488637 0
3.489172 0
3.489568 0
3.490103 0
3.490472 0
3.491053 0
3.491431 0
3.491912 0
3.492380 0
3.492897 0
3.493248 0
3.493810 0
3.494225 0
3.495231 1
3.495573 0
3.496153 0
3.496612 0
3.497157 0
3.497562 0
3.498604 1
3.499000 0
3.499580 0
3.499977 0
3.500584 0
3.501034 0
3.501641 0
3.501992 0
3.502491 0
3.502942 0
3.503549 0
3.503927 0
3.504489 0
3.504894 0
3.505420 0
3.505888 0
3.506424 0
3.506766 0
3.507256 0
3.507688 0
3.508277 0
3.508637 0
3.509128 0
3.509470 0
3.510539 1
3.510935 0
3.511416 0
3.511822 0
3.512339 0
3.512789 0
3.513297 0
3.513765 0
3.514318 0
3.514733 0
3.515739 1
3.516216 0
3.516742 0
3.517147 0
3.517727 0
3.518178 0
3.518722 0
3.519145 0
3.520151 1
3.520601 0
3.521155 0
3.521524 0
3.522032 0
3.522428 0
3.522963 0
3.523332 0
3.523859 0
3.524201 0
3.524799 0
3.525195 0
3.525748 0
3.526144 0
3.526725 0
3.527166 0
3.527773 0
3.528133 0
3.528677 0
3.529055 0
3.529415 0
3.529969 0
3.530320 0
3.530873 0
3.531251 0
3.531593 0
3.532164 0
3.532525 0
3.533217 0
3.533577 0
3.534103 0
3.534508 0
3.535089 0
3.535503 0
3.536011 0
3.536398 0
3.536942 0
3.537293 0
3.537856 0
3.538198 0
3.539258 1
3.539717 0
3.540234 0
3.540711 0
3.541256 0
3.541661 0
3.542187 0
3.542538 0
3.543118 0
3.543496 0
3.544104 0
3.544473 0
3.545035 0
3.545440 0
3.545939 0
3.546389 0
3.546943 0
3.547312 0
3.547847 0
3.548225 0
3.548742 0
3.549084 0
3.549647 0
3.550061 0
3.551058 1
3.551436 0
3.552007 0
3.552349 0
3.552876 0
3.553353 0
3.553951 0
3.554356 0
3.554954 0
3.555323 0
3.555913 0
3.556390 0
3.556943 0
3.557339 0
3.558119 1
3.558524 0
3.558867 0
3.559604 0
3.560211 0
3.560571 0
3.561160 0
3.561584 0
3.562083 0
3.562560 0
3.563077 0
3.563419 0
3.563770 0
3.564359 0
3.564877 0
3.565219 0
3.565561 0
3.565939 0
3.566281 0
3.566861 0
3.567397 0
3.567896 0
3.568274 0
3.568818 0
3.569317 0
3.569785 0
3.570393 0
3.570825 0
3.571324 0
3.571693 0
3.572255 0
3.572687 0
3.573169 0
3.573565 0
3.574118 0
3.574559 0
3.575112 0
3.575481 0
3.576043 0
3.576521 0
3.577065 0
3.577533 0
3.578032 0
3.578401 0
3.579444 1
3.579876 0
3.580402 0
3.580789 0
3.581288 0
3.581756 0
3.582346 0
3.582715 0
3.583259 0
3.583691 0
3.584199 0
3.584800 0
3.585318 0
3.585696 0
3.586258 0
3.586726 0
3.587324 0
3.587684 0
3.588255 0
3.588616 0
3.589187 0
3.589565 0
3.590154 0
3.590514 0
3.591004 0
3.591455 0
3.592035 0
3.592485 0
3.592993 0
3.593461 0
3.593951 0
3.594312 0
3.594654 0
3.595216 0
3.595751 0
3.596147 0
3.596682 0
3.597025 0
3.597596 0
3.598019 0
3.598518 0
3.598950 0
3.599476 0
3.599845 0
3.600435 0
3.600813 0
3.601339 0
3.601744 0
3.602261 0
3.602621 0
3.603121 0
3.603589 0
3.604079 0
3.604439 0
3.604965 0
3.605361 0
3.605942 0
3.606401 0
3.606945 0
3.607287 0
3.607777 0
3.608245 0
3.608844 0
3.609321 0
3.609874 0
3.610351 0
3.610850 0
3.611201 0
3.611772 0
3.612169 0
3.612731 0
3.613181 0
3.613788 0
3.614193 0
3.614674 0
3.615098 0
3.615606 0
3.615957 0
3.616308 0
3.616888 0
3.617396 0
3.617739 0
3.618346 0
3.618769 0
3.619286 0
3.619763 0
3.620489 1
3.620850 0
3.621542 0
3.622010 0
3.622491 0
3.622869 0
3.623422 0
3.623855 0
3.624372 0
3.624768 0
3.625375 0
3.625735 0
3.626252 0
3.626595 0
3.627184 0
3.627571 0
3.628658 1
3.629063 0
3.629653 0
3.630130 0
3.630665 0
3.631016 0
3.631403 0
3.631983 0
3.632546 0
3.632924 0
3.633531 0
3.633882 0
3.634480 0
3.634876 0
3.635456 0
3.635871 0
3.636388 0
3.636802 0
3.637382 0
3.637796 0
3.638304 0
3.638719 0
3.639200 0
3.639641 0
3.640149 0
3.640536 0
3.641044 0
3.641468 0
3.642066 0
3.642471 0
3.642997 0
3.643393 0
3.643991 0
3.644361 0
3.644923 0
3.645373 0
3.645926 0
3.646304 0
3.646911 0
3.647388 0
3.648232 1
3.648830 0
3.649356 0
3.649770 0
3.650359 0
3.650746 0
3.651255 0
3.651651 0
3.652141 0
3.652510 0
3.653099 0
3.653558 0
3.654121 0
3.654508 0
3.655052 0
3.655475 0
3.656019 0
3.656433 0
3.657032 0
3.657455 0
3.657963 0
3.658350 0
3.658885 0
3.659353 0
3.659834 0
3.660312 0
3.660910 0
3.661261 0
3.661760 0
3.662129 0
3.662682 0
3.663070 0
3.663578 0
3.664001 0
3.664608 0
3.665067 0
3.665566 0
3.665936 0
3.666453 0
3.666840 0
3.667411 0
3.667762 0
3.668315 0
3.668658 0
3.669265 0
3.669652 0
3.670259 0
3.670700 0
3.671253 0
3.671721 0
3.672248 0
3.672671 0
3.673251 0
3.673638 0
3.674164 0
3.674560 0
3.675168 0
3.675519 0
3.676624 1
3.676966 0
3.677501 0
3.677907 0
3.678460 0
3.678820 0
3.679301 0
3.679733 0
3.680259 0
3.680692 0
3.681626 1
3.682022 0
3.683019 1
3.683406 0
3.683960 0
3.684302 0
3.684900 0
3.685251 0
3.685759 0
3.686191 0
3.686673 0
3.687247 0
3.687827 0
3.688295 0
3.688794 0
3.689199 0
3.689780 0
3.690149 0
3.690720 0
3.691080 0
3.691588 0
3.691957 0
3.692493 0
3.692925 0
3.693523 0
3.693937 0
3.694490 0
3.694832 0
3.695358 0
3.695728 0
3.696326 0
3.696695 0
3.697293 0
3.697635 0
3.698116 0
3.698558 0
3.699165 0
3.699624 0
3.700368 1
3.700719 0
3.701124 0
3.701476 0
3.702047 0
3.702461 0
3.703050 0
3.703585 0
3.704848 1
3.705271 0
3.705842 0
3.706265 0
3.707262 1
3.707676 0
3.708212 0
3.708563 0
3.709143 0
3.709512 0
3.709993 0
3.710344 0
3.710768 0
3.711294 0
3.711636 0
3.712005 0
3.712383 0
3.713121 0
3.713674 0
3.714142 0
3.714740 0
3.715082 0
3.715581 0
3.716032 0
3.716522 0
3.716891 0
3.717242 0
3.717831 0
3.718366 0
3.718825 0
3.719343 0
3.719793 0
3.720301 0
3.720670 0
3.721214 0
3.721646 0
3.722227 0
3.722686 0
3.723257 0
3.723608 0
3.724206 0
3.724647 0
3.725246 0
3.725687 0
3.726195 0
3.726564 0
3.727072 0
3.727459 0
3.728457 1
3.728862 0
3.729379 0
3.729829 0
3.730364 0
3.730778 0
3.731377 0
3.731773 0
3.732380 0
3.732857 0
3.733410 0
3.733761 0
3.734306 0
3.734657 0
3.735255 0
3.735687 0
3.736168 0
3.736519 0
3.736889 0
3.737805 1
3.738165 0
3.738561 0
3.738912 0
3.739430 0
3.739817 0
3.740352 0
3.740869 0
3.741238 0
3.741616 0
3.741985 0
3.742328 0
3.743020 0
3.743407 0
3.744072 0
3.744617 0
3.744995 0
3.745602 0
3.746016 0
3.746497 0
3.746884 0
3.747855 1
3.748269 0
3.748777 0
3.749236 0
3.749771 0
3.750213 0
3.750739 0
3.751144 0
3.751706 0
3.752075 0
3.752574 0
3.753033 0
3.753533 0
3.753884 0
3.754365 0
3.754824 0
3.755368 0
3.755845 0
3.756444 0
3.756795 0
3.757366 0
3.757798 0
3.758396 0
3.758765 0
3.759256 0
3.759724 0
3.760250 0
3.760628 0
3.761163 0
3.761559 0
3.762086 0
3.762446 0
3.763017 0
3.763377 0
3.763858 0
3.764317 0
3.764888 0
3.765267 0
3.765865 0
3.766342 0
3.766832 0
3.767210 0
3.768226 1
3.768595 0
3.768955 0
3.769472 0
3.769823 0
3.770412 0
3.770903 0
3.771317 0
3.771888 0
3.772338 0
3.772882 0
3.773305 0
3.774032 1
3.774455 0
3.774815 0
3.775175 0
3.776311 1
3.776918 0
3.777288 0
3.777850 0
3.778457 0
3.778898 0
3.779379 0
3.779730 0
3.780257 0
3.780716 0
3.781305 0
3.781647 0
3.782191 0
3.782560 0
3.783150 0
3.783609 0
3.784162 0
3.784612 0
3.785183 0
3.785534 0
3.786124 0
3.786520 0
3.787046 0
3.787478 0
3.788031 0
3.788508 0
3.789106 0
3.789591 0
3.790108 0
3.790486 0
3.791003 0
3.791435 0
3.791988 0
3.792349 0
3.792920 0
3.793343 0
3.793842 0
3.794319 0
3.794836 0
3.795188 0
3.795530 0
3.796500 1
3.797107 0
3.797458 0
3.798030 0
3.798435 0
3.799033 0
3.799375 0
3.799964 0
3.800360 0
3.800859 0
3.801337 0
3.801863 0
3.802286 0
3.802767 0
3.803181 0
3.803698 0
3.804158 0
3.804920 1
3.805271 0
3.805851 0
3.806211 0
3.806782 0
3.807363 0
3.807907 0
3.808366 0
3.808865 0
3.809324 0
3.809850 0
3.810211 0
3.810773 0
3.811133 0
3.811668 0
3.812046 0
3.812608 0
3.813013 0
3.813513 0
3.813918 0
3.814471 0
3.814912 0
3.815393 0
3.815807 0
3.816177 0
3.816757 0
3.817256 0
3.817733 0
3.818250 0
3.818727 0
3.819272 0
3.819704 0
3.820266 0
3.820680 0
3.821197 0
3.821674 0
3.822273 0
3.822687 0
3.823267 0
3.823663 0
3.824234 0
3.824612 0
3.825156 0
3.825589 0
3.826070 0
3.826529 0
3.827427 1
3.827814 0
3.828332 0
3.828674 0
3.829182 0
3.829524 0
3.830050 0
3.830509 0
3.831036 0
3.831450 0
3.831994 0
3.832363 0
3.832970 0
3.833402 0
3.833992 0
3.834397 0
3.834959 0
3.835409 0
3.835980 0
3.836385 0
3.836974 0
3.837434 0
3.838005 0
3.838455 0
3.838972 0
3.839377 0
3.839885 0
3.840300 0
3.841198 1
3.841585 0
3.842147 0
3.842624 0
3.843187 0
3.843655 0
3.844145 0
3.844604 0
3.845103 0
3.845472 0
3.845990 0
3.846386 0
3.846737 0
3.847734 1
3.848341 0
3.848764 0
3.849300 0
3.849777 0
3.850330 0
3.850690 0
3.851279 0
3.851747 0
3.852310 0
3.852724 0
3.853331 0
3.853736 0
3.854334 0
3.854802 0
3.855302 0
3.855734 0
3.856341 0
3.856683 0
3.857272 0
3.857686 0
3.858222 0
3.858681 0
3.859198 0
3.859603 0
3.860102 0
3.860462 0
3.861051 0
3.861466 0
3.862010 0
3.862406 0
3.863013 0
3.863445 0
3.864043 0
3.864449 0
3.864993 0
3.865425 0
3.866014 0
3.866455 0
3.866990 0
3.867468 0
3.868537 1
3.868960 0
3.869504 0
3.869891 0
3.870427 0
3.870805 0
3.871331 0
3.871745 0
3.872087 0
3.872595 0
3.872937 0
3.873473 0
3.873963 0
3.874422 0
3.874930 0
3.875371 0
3.875852 0
3.876303 0
3.876838 0
3.877225 0
3.877787 0
3.878201 0
3.878763 0
3.879133 0
3.879650 0
3.880046 0
3.880626 0
3.880986 0
3.881584 0
3.881990 0
3.882570 0
3.882948 0
3.883429 0
3.883771 0
3.884158 0
3.884720 0
3.885265 0
3.885733 0
3.886286 0
3.886673 0
3.887217 0
3.887586 0
3.888167 0
3.888509 0
3.889062 0
3.889494 0
3.890101 0
3.890461 0
3.891024 0
3.891384 0
3.892106 0
3.892457 0
3.893356 1
3.893725 0
3.894731 1
3.895127 0
3.895617 0
3.896085 0
3.896639 0
3.897017 0
3.897498 0
3.897849 0
3.898438 0
3.898915 0
3.899514 0
3.899892 0
3.900490 0
3.900850 0
3.901448 0
3.901826 0
3.902344 0
3.902704 0
3.903275 0
3.903725 0
3.904305 0
3.904647 0
3.905428 1
3.905963 0
3.906570 0
3.906993 0
3.907564 0
3.907960 0
3.908558 0
3.908946 0
3.909517 0
3.909868 0
3.910349 0
3.910790 0
3.911307 0
3.911695 0
3.912239 0
3.912617 0
3.913152 0
3.913548 0
3.914382 1
3.914927 0
3.915534 0
3.915903 0
3.916465 0
3.916879 0
3.917378 0
3.917838 0
3.918436 0
3.918913 0
3.919403 0
3.919844 0
3.920352 0
3.920712 0
3.921266 0
3.921680 0
3.922269 0
3.922629 0
3.923328 1
3.924245 1
3.924780 0
3.925212 0
3.925702 0
3.926161 0
3.926642 0
3.927120 0
3.927664 0
3.928024 0
3.928541 0
3.928973 0
3.929490 0
3.929842 0
3.930350 0
3.930746 0
3.931299 0
3.931659 0
3.932019 0
3.932545 0
3.933135 0
3.933540 0
3.934129 0
3.934543 0
3.935123 0
3.935582 0
3.936073 0
3.936469 0
3.937031 0
3.937427 0
3.937917 0
3.938295 0
3.938795 0
3.939137 0
3.939681 0
3.940032 0
3.940630 0
3.940990 0
3.941499 0
3.941859 0
3.942367 0
3.942718 0
3.943280 0
3.943739 0
3.944292 0
3.944671 0
3.945269 0
3.945638 0
3.946236 0
3.946632 0
3.947131 0
3.947537 0
3.948045 0
3.948432 0
3.948940 0
3.949318 0
3.949889 0
3.950331 0
3.950839 0
3.951235 0
3.951752 0
3.952103 0
3.952629 0
3.953062 0
3.953588 0
3.954020 0
3.954591 0
3.955068 0
3.955675 0
3.956089 0
3.956661 0
3.957075 0
3.957655 0
3.958015 0
3.958523 0
3.958955 0
3.959509 0
3.959941 0
3.960467 0
3.960836 0
3.961389 0
3.961830 0
3.962384 0
3.962843 0
3.963378 0
3.963720 0
3.964318 0
3.964687 0
3.965214 0
3.965610 0
3.966136 0
3.966478 0
3.967349 1
3.967709 0
3.968052 0
3.968623 0
3.969212 0
3.969572 0
3.970125 0
3.970467 0
3.971030 0
3.971507 0
3.972105 0
3.972564 0
3.973045 0
3.973441 0
3.973838 0
3.974337 0
3.974742 0
3.975286 0
3.975848 0
3.976316 0
3.976879 0
3.977311 0
3.977900 0
3.978341 0
3.978840 0
3.979254 0
3.979825 0
3.980177 0
3.980912 1
3.981447 0
3.981964 0
3.982324 0
3.982850 0
3.983220 0
3.983728 0
3.984169 0
3.984731 0
3.985190 0
3.986098 1
3.986476 0
3.987020 0
3.987425 0
3.987996 0
3.988365 0
3.988874 0
3.989243 0
3.990366 1
3.990807 0
3.991288 0
3.991702 0
3.992301 0
3.992778 0
3.993322 0
3.993718 0
3.994395 0
3.994837 0
3.995336 0
3.995804 0
3.996285 0
3.996753 0
3.997306 0
3.997775 0
3.998265 0
3.998706 0
3.999241 0
3.999673 0
4.000244 0
4.000587 0
4.001122 0
4.001554 0
4.002107 0
4.002494 0
4.003101 0
4.003533 0
4.004060 0
4.004402 0
4.004910 0
4.005351 0
4.006122 1
4.006720 0
4.007211 0
4.007625 0
4.008160 0
4.008601 0
4.009300 1
4.009880 0
4.010488 0
4.010857 0
4.011437 0
4.011797 0
4.012386 0
4.012827 0
4.013399 0
4.013840 0
4.014375 0
4.014762 0
4.015315 0
4.015774 0
4.016381 0
4.016742 0
4.017250 0
4.017718 0
4.018325 0
4.018703 0
4.019301 0
4.019779 0
4.020278 0
4.020620 0
4.021173 0
4.021614 0
4.022176 0
4.022600 0
4.023153 0
4.023567 0
4.024075 0
4.024444 0
4.024970 0
4.025313 0
4.025875 0
4.026253 0
4.026761 0
4.027220 0
4.027710 0
4.028088 0
4.028678 0
4.029020 0
4.029936 1
4.030323 0
4.030903 0
4.031381 0
4.031970 0
4.032366 0
4.032919 0
4.033378 0
4.033877 0
4.034265 0
4.034782 0
4.035232 0
4.035731 0
4.036190 0
4.036743 0
4.037212 0
4.037810 0
4.038197 0
4.038786 0
4.039137 0
4.039744 0
4.040167 0
4.040658 0
4.041054 0
4.041607 0
4.041976 0
4.042556 0
4.042943 0
4.043497 0
4.043848 0
4.044383 0
4.044824 0
4.045413 0
4.045773 0
4.046345 0
4.046759 0
4.047276 0
4.047699 0
4.048243 0
4.048702 0
4.049184 0
4.049589 0
4.050115 0
4.050466 0
4.050853 0
4.051415 0
4.052022 0
4.052410 0
4.052918 0
4.053332 0
4.053831 0
4.054254 0
4.054843 0
4.055231 0
4.055829 0
4.056279 0
4.056859 0
4.057291 0
4.057835 0
4.058313 0
4.058812 0
4.059226 0
4.059752 0
4.060193 0
4.060755 0
4.061098 0
4.061633 0
4.062011 0
4.062582 0
4.062951 0
4.063495 0
4.063891 0
4.064436 0
4.064841 0
4.065322 0
4.065763 0
4.066670 1
4.067121 0
4.067701 0
4.068106 0
4.068713 0
4.069154 0
4.069653 0
4.070077 0
4.070585 0
4.070936 0
4.071462 0
4.071939 0
4.072501 0
4.072880 0
4.073460 0
4.073937 0
4.074499 0
4.074940 0
4.075547 0
4.075889 0
4.076488 0
4.076848 0
4.077338 0
4.077806 0
4.078413 0
4.078872 0
4.079861 1
4.080275 0
4.080846 0
4.081269 0
4.081876 0
4.082237 0
4.082754 0
4.083222 0
4.084327 1
4.084741 0
4.085313 0
4.085781 0
4.086325 0
4.086730 0
4.087247 0
4.087706 0
4.088214 0
4.088620 0
4.089101 0
4.089497 0
4.090095 0
4.090563 0
4.091116 0
4.091567 0
4.092084 0
4.092426 0
4.093006 0
4.093348 0
4.093901 0
4.094334 0
4.094896 0
4.095328 0
4.095899 0
4.096504 0
4.097057 0
4.097444 0
4.097962 0
4.098403 0
4.098956 0
4.099298 0
4.099833 0
4.100211 0
4.101682 2
4.104815 3
4.106591 2
4.108842 3
4.111574 3
4.113346 2
4.115084 2
4.117695 3
4.119391 2
4.125100 4
4.127804 2
4.129360 2
4.132748 3
4.135323 3
4.175084 9
4.178127 3
4.182472 4
4.184607 3
4.187678 3
4.190415 3
4.192461 2
4.194848 3
4.197463 3
4.200108 3
4.201992 2
4.203973 3
4.205822 2
4.207513 2
4.209298 2
4.210476 2
4.212594 2
4.214079 2
4.214700 0
4.215875 1
4.216330 0
4.241567 9
4.242559 1
4.242960 0
4.243953 1
4.244743 1
4.245355 0
4.246163 1
4.246712 0
4.247728 1
4.280528 10
4.280956 0
4.281478 0
4.282538 1
4.283124 0
4.284139 1
4.284742 0
4.285206 0
4.285764 0
4.286220 0
4.286805 0
4.287197 0
4.287930 0
4.289018 1
4.290723 2
4.291846 1
4.292413 0
4.292895 0
4.293297 0
4.294416 1
4.295480 1
4.295935 0
4.296934 1
4.297380 0
4.298426 1
4.298935 0
4.299530 0
4.328776 9
4.329343 0
4.331080 2
4.332018 1
4.333052 1
4.333655 0
4.334553 1
4.335833 1
4.336794 1
4.337859 1
4.338314 0
4.338917 0
4.339878 1
4.340454 0
4.340892 0
4.342152 1
4.342634 0
4.343062 0
4.343437 0
4.344387 1
4.345400 1
4.346335 1
4.347372 1
4.347755 0
4.348322 0
4.348952 0
4.350280 1
4.351407 1
4.351889 0
4.353757 2
4.354257 0
4.354806 0
4.355180 0
4.355783 0
4.356826 1
4.357393 0
4.358291 1
4.360075 2
4.361055 1
4.361971 1
4.363067 1
4.364166 1
4.365209 1
4.368433 3
4.368906 0
4.370565 2
4.370949 0
4.371515 0
4.372395 1
4.372961 0
4.374608 2
4.376394 2
4.376822 0
4.377460 0
4.377969 0
4.378535 0
4.378955 0
4.379539 0
4.379940 0
4.380479 0
4.382135 2
4.382657 0
4.383148 0
4.383733 0
4.384224 0
4.384773 0
4.386304 2
4.386889 0
4.387742 1
4.388264 0
4.388674 0
4.389197 0
4.390203 1
4.390815 0
4.393463 3
4.394048 0
4.396814 3
4.397950 1
4.401183 3
4.402789 2
4.405001 2
4.407456 3
4.408579 1
4.409137 0
4.410883 2
4.411423 0
4.411879 0
4.412748 0
4.413149 0
4.413698 0
4.414100 0
4.414694 0
4.415095 0
4.415680 0
4.416171 0
4.416703 0
4.417077 0
4.417460 0
4.418081 0
4.420065 2
4.420901 1
4.421893 1
4.424919 3
4.425558 0
4.454842 9
4.458071 3
4.459140 1
4.459725 0
4.460337 0
4.460828 0
4.461320 0
4.461766 0
4.462203 0
4.465372 3
4.465863 0
4.466430 0
4.466885 0
4.467932 1
4.468414 0
4.469026 0
4.469481 0
4.470543 1
4.470989 0
4.472775 2
4.473718 1
4.474240 0
4.474669 0
4.475859 1
4.476260 0
4.477884 2
4.478348 0
4.478943 0
4.479434 0
4.479956 0
4.509304 9
4.510366 1
4.510767 0
4.514856 4
4.515248 0
4.515770 0
4.516561 1
4.517387 1
4.518008 0
4.518638 0
4.519111 0
4.520200 1
4.520592 0
4.521737 1
4.522201 0
4.522841 0
4.523836 1
4.524376 0
4.524849 0
4.525489 0
4.525863 0
4.526653 1
4.527099 0
4.527500 0
4.528355 0
4.528810 0
4.552432 10
4.554119 2
4.554592 0
4.555168 0
4.556291 1
4.557464 1
4.557946 0
4.559399 2
4.559800 0
4.562164 3
4.562674 0
4.563223 0
4.563615 0
4.563998 0
4.564565 0
4.564949 0
4.565368 0
4.565989 0
4.566547 0
4.566939 0
4.567784 1
4.568284 0
4.569595 1
4.570803 1
4.571268 0
4.584078 7
4.584470 0
4.585082 0
4.585546 0
4.586123 0
4.586614 0
4.587804 1
4.588232 0
4.615349 9
4.615859 0
4.616399 0
4.617504 1
4.618802 1
4.619212 0
4.619789 0
4.620937 1
4.621513 0
4.624152 3
4.624675 0
4.626421 2
4.626997 0
4.627488 0
4.628651 1
4.629152 0
4.629719 0
4.630201 0
4.632086 2
4.633391 2
4.634699 1
4.635109 0
4.636724 2
4.658646 9
4.659186 0
4.659696 0
4.660209 0
4.661296 1
4.662610 1
4.664472 2
4.664985 0
4.665485 0
4.666043 0
4.666436 0
4.667012 0
4.668947 2
4.669559 0
4.671377 2
4.672150 1
4.672524 0
4.672997 0
4.673407 0
4.673799 0
4.674183 0
4.674777 0
4.675389 0
4.676613 1
4.676997 0
4.678314 1
4.679320 1
4.679852 0
4.683103 3
4.684041 1
4.685879 3
4.688096 2
4.688488 0
4.689019 0
4.689411 0
4.691093 2
4.691494 0
4.692468 1
4.692860 0
4.693382 0
4.712571 9
4.713581 1
4.713983 0
4.715047 1
4.715421 0
4.719240 4
4.719740 0
4.720706 1
4.721080 0
4.723900 3
4.724319 0
4.724887 0
4.725387 0
4.725990 0
4.726418 0
4.727057 0
4.727468 0
4.729323 2
4.729760 0
4.730291 0
4.731145 1
4.731712 0
4.733458 2
4.734522 1
4.734995 0
4.735590 0
4.735991 0
4.736540 0
4.737004 0
4.739267 3
4.739713 0
4.740235 0
4.741376 1
4.742404 1
4.742824 0
4.743879 1
4.744370 0
4.744946 0
4.747999 3
4.748576 0
4.749013 0
4.750185 1
4.750568 0
4.751704 1
4.752196 0
4.752772 0
4.753823 1
4.754435 0
4.754890 0
4.755829 1
4.756221 0
4.757460 1
4.757834 0
4.758899 1
4.760555 2
4.761149 0
4.762191 1
4.762722 0
4.764485 2
4.765124 0
4.765498 0
4.766020 0
4.766503 0
4.767450 1
4.772831 4
4.773389 0
4.775072 2
4.776119 1
4.776520 0
4.777078 0
4.777569 0
4.779058 2
4.779442 0
4.780072 0
4.781872 2
4.782421 0
4.783364 1
4.784411 1
4.785237 1
4.785692 0
4.786971 1
4.787493 0
4.788002 0
4.788551 0
4.789033 0
4.789646 0
4.790697 1
4.791707 1
4.792189 0
4.792756 0
4.793239 0
4.793869 0
4.794839 1
4.795478 0
4.796304 1
4.797438 1
4.797920 0
4.798532 0
4.800431 2
4.801604 1
4.802077 0
4.802716 0
4.803225 0
4.804361 1
4.804736 0
4.806579 2
4.807630 1
4.808206 0
4.808590 0
4.809139 0
4.809513 0
4.810053 0
4.810490 0
4.811049 0
4.812345 2
4.813506 1
4.813952 0
4.815169 1
4.815607 0
4.816581 1
4.817650 1
4.819532 2
4.819997 0
4.822694 3
4.823826 1
4.824944 1
4.825354 0
4.825967 0
4.826458 0
4.826971 0
4.828663 2
4.829826 1
4.830264 0
4.832363 2
4.832737 0
4.833720 1
4.834221 0
4.835420 1
4.835794 0
4.836379 0
4.837259 1
4.837800 0
4.838273 0
4.838885 0
4.839331 0
4.839916 0
4.840327 0
4.840912 0
4.844235 3
4.844838 0
4.849634 4
4.850166 0
4.850630 0
4.851251 0
4.851661 0
4.852608 1
4.853185 0
4.854159 1
4.855388 1
4.856371 1
4.859191 3
4.860453 1
4.860872 0
4.861394 0
4.862400 1
4.864421 2
4.866140 2
4.866698 0
4.867117 0
4.867729 0
4.868185 0
4.868770 0
4.869216 0
4.869756 0
4.870744 1
4.871366 0
4.871767 0
4.872352 0
4.872825 0
4.873428 0
4.874526 1
4.875120 0
4.876668 2
4.877660 1
4.879218 2
4.880480 1
4.882289 2
4.882811 0
4.883203 0
4.883798 0
4.884262 0
4.885281 1
4.890131 4
4.890707 0
4.891100 0
4.891658 0
4.892583 1
4.893710 1
4.898488 4
4.899110 0
4.899601 0
4.903879 4
4.904343 0
4.905396 1
4.905905 0
4.906517 0
4.909522 3
4.910098 0
4.911140 1
4.913277 2
4.913750 0
4.914282 0
4.915396 1
4.916150 0
4.918951 3
4.919591 0
4.920606 1
4.921227 0
4.922179 1
4.922701 0
4.923789 1
4.925665 2
4.926761 1
4.927328 0
4.928100 1
4.929460 1
4.930439 1
4.931060 0
4.931994 1
4.932607 0
4.933035 0
4.933674 0
4.934075 0
4.934660 0
4.935496 1
4.936614 1
4.937782 1
4.938394 0
4.940257 2
4.940780 0
4.941199 0
4.942290 1
4.942682 0
4.943231 0
4.943732 0
4.945082 1
4.945582 0
4.946122 0
4.947075 1
4.948256 1
4.948711 0
4.949233 0
4.949688 0
4.950897 1
4.952065 1
4.952668 0
4.955199 3
4.957028 2
4.957537 0
4.958122 0
4.958631 0
4.960896 3
4.961298 0
4.966476 4
4.968060 2
4.969945 2
4.970373 0
4.971778 1
4.972703 1
4.974273 2
4.975839 2
4.977109 1
4.977519 0
4.978140 0
4.978550 0
4.979181 0
4.980142 1
4.981260 1
4.982185 1
4.983429 1
4.983858 0
4.986780 3
4.987280 0
4.987856 0
4.988257 0
4.990718 3
4.991751 1
4.992318 0
4.992800 0
4.993341 0
4.994185 1
4.995321 1
4.997130 2
4.997688 0
4.998153 0
4.998783 0
4.999184 0
4.999769 0
5.000179 0
5.001145 1
5.001600 0
5.002221 0
5.002667 0
5.003086 0
5.004970 2
5.005389 0
5.006105 0
5.006681 0
5.007163 0
5.007730 0
5.009215 2
5.009819 0
5.010265 0
5.010850 0
5.011278 0
5.013543 3
5.013945 0
5.014539 0
5.016213 2
5.016726 0
5.018658 2
5.019261 0
5.020222 1
5.020771 0
5.021777 1
5.022291 0
5.022755 0
5.026745 4
5.027227 0
5.027803 0
5.028187 0
5.029284 1
5.030290 1
5.030884 0
5.031268 0
5.031790 0
5.032164 0
5.032677 0
5.033575 1
5.038988 4
5.039416 0
5.040037 0
5.041756 2
5.042323 0
5.043240 1
5.044403 1
5.044912 0
5.046120 1
5.046530 0
5.047794 1
5.048267 0
5.048946 0
5.049347 0
5.049749 0
5.050334 0
5.053058 3
5.053495 0
5.054008 0
5.054491 0
5.055022 0
5.055396 0
5.055797 0
5.056834 1
5.057456 0
5.057848 0
5.058993 1
5.059909 1
5.060548 0
5.061447 1
5.062619 1
5.064113 2
5.064644 0
5.066783 2
5.067386 0
5.068518 1
5.069058 0
5.069451 0
5.070054 0
5.073161 3
5.074261 1
5.075312 1
5.075952 0
5.076353 0
5.078022 2
5.078974 1
5.079604 0
5.081108 2
5.081729 0
5.082238 0
5.083988 2
5.086411 3
5.087033 0
5.088046 1
5.088685 0
5.089158 0
5.089798 0
5.090732 1
5.091335 0
5.091754 0
5.092366 0
5.093265 1
5.093895 0
5.095506 2
5.096100 0
5.096519 0
5.097476 1
5.098275 1
5.098851 0
5.099677 1
5.100280 0
5.103781 4
5.109297 4
5.113886 4
5.121062 5
5.124148 4
5.128198 4
5.132146 4
5.135700 4
5.140908 4
5.147488 4
5.151131 4
5.154109 4
5.159092 4
5.163349 4
5.166966 4
5.171374 4
5.175035 4
5.178895 4
5.183404 4
5.188746 4
5.195292 4
5.200163 4
5.206984 4
5.211184 4
5.216494 4
5.241497 9
5.242226 0
5.242865 0
5.243496 0
5.244135 0
5.244873 0
5.245602 0
5.246233 0
5.246944 0
5.247619 0
5.248267 0
5.248988 0
5.249690 0
5.250365 0
5.251040 0
5.251761 0
5.252463 0
5.253174 0
5.253822 0
6.100343 0
8.100344 0
12.158170 13
20.138226 13
